114 375
118 419
127 462
134 505
145 547
167 583
200 609
242 629
285 634
327 626
368 606
402 579
423 544
434 504
439 461
446 419
451 377
138 351
161 334
191 331
221 336
250 349
311 350
341 338
372 333
402 339
425 356
282 380
282 408
282 436
282 465
253 486
267 491
281 495
296 492
309 488
173 384
192 371
216 372
236 391
215 397
190 396
324 393
344 374
368 374
388 387
370 399
346 399
221 542
247 533
268 529
281 533
295 530
316 535
341 542
316 557
295 563
280 564
266 562
245 557
231 542
267 541
281 543
295 542
331 543
295 542
280 543
267 542
