115 364
121 409
131 453
140 496
155 536
178 572
211 602
246 625
284 632
322 624
357 600
388 570
411 534
425 494
434 452
441 408
445 364
144 359
173 351
204 354
232 361
261 370
301 372
329 362
358 355
388 352
417 360
281 388
282 419
282 450
282 482
251 492
266 499
282 504
299 499
313 493
177 382
197 374
218 375
238 390
216 394
194 393
323 391
341 376
363 376
383 384
365 395
343 395
230 542
248 534
267 529
283 534
298 530
316 534
336 542
317 563
299 572
283 574
266 572
247 563
240 543
267 542
283 545
298 543
326 543
298 547
283 549
267 547
