125 368
128 410
136 451
144 493
155 533
176 569
206 599
242 621
281 628
320 620
356 597
387 568
407 532
418 493
425 452
431 412
434 370
148 347
167 329
195 324
222 327
248 338
314 340
339 329
366 325
392 331
411 350
281 379
282 408
283 438
283 468
256 485
269 490
283 494
297 491
310 485
180 382
198 368
222 370
242 391
220 396
195 395
318 393
338 372
361 370
380 385
364 398
340 398
227 533
250 526
270 522
284 526
296 522
315 526
336 532
316 556
297 565
283 568
268 566
248 557
237 535
270 536
284 538
296 537
326 534
296 542
283 544
269 542
