118 363
121 406
126 449
131 492
142 533
165 569
196 599
235 622
277 630
320 622
359 599
392 570
415 535
428 496
433 454
438 412
442 368
141 353
163 338
192 335
220 340
247 351
311 353
339 343
368 340
396 345
417 362
279 382
278 413
278 444
278 475
240 480
258 488
277 495
297 489
315 483
175 381
195 371
217 373
235 390
215 392
193 391
319 394
340 377
362 377
381 388
363 397
341 397
198 510
229 508
257 511
276 515
297 512
326 512
357 512
327 547
297 561
275 563
255 560
226 545
208 514
256 520
276 524
296 521
346 516
297 541
276 544
256 540
