123 363
126 406
134 448
141 490
153 529
174 563
206 590
243 611
285 617
327 609
363 587
394 561
415 526
425 488
432 448
439 407
442 364
148 355
171 343
200 341
229 344
257 351
305 353
333 346
363 343
391 346
415 359
282 380
281 412
281 443
281 476
248 486
264 493
281 499
299 493
315 487
180 380
200 371
222 372
240 388
219 391
198 390
322 390
341 374
362 373
382 383
364 393
343 394
219 531
243 525
264 523
282 527
298 523
321 524
345 528
323 546
301 554
283 556
265 554
243 547
229 531
264 534
282 537
299 534
335 530
300 535
283 537
265 534
