134 376
136 415
144 452
150 490
160 526
178 558
208 582
243 600
285 606
328 600
365 582
397 557
417 525
427 488
433 449
438 411
440 371
156 364
177 351
204 350
232 353
258 363
300 364
327 354
357 350
386 353
409 366
280 382
279 410
279 439
279 467
248 476
263 483
280 489
298 483
313 477
186 385
204 376
223 377
241 390
222 391
203 391
321 390
339 377
359 377
377 386
360 392
340 392
226 522
245 512
264 509
281 514
298 509
319 511
340 519
320 532
300 540
282 542
264 540
245 534
235 522
264 521
281 523
299 520
331 519
299 521
282 523
264 521
