128 369
131 411
139 451
145 492
156 531
175 567
204 598
241 621
282 629
323 620
359 597
389 568
409 532
419 493
425 453
431 411
433 370
156 349
175 335
201 331
227 332
252 340
313 340
337 330
363 328
389 333
407 350
281 378
281 409
282 439
282 470
252 482
266 488
282 494
297 489
312 483
184 383
202 371
223 373
242 390
221 394
199 393
318 392
338 375
359 373
377 386
361 396
339 396
222 525
243 517
265 515
281 519
296 515
318 519
339 527
319 555
297 566
280 568
263 565
241 553
232 527
264 526
281 528
296 527
328 529
296 544
280 546
264 543
