122 397
125 439
131 480
140 522
153 560
175 594
206 620
242 638
284 645
326 640
363 622
395 597
418 563
431 523
438 481
442 437
442 394
149 355
171 340
198 334
227 334
255 340
310 337
338 330
368 331
395 339
416 356
283 380
284 410
285 440
286 471
254 494
269 499
285 503
301 500
315 495
179 387
197 377
218 378
236 393
216 396
195 395
329 393
347 379
368 377
387 387
369 396
348 396
225 556
248 545
268 540
283 544
297 541
318 548
341 557
318 568
297 572
283 572
267 571
248 566
234 556
268 553
283 555
297 554
332 557
297 554
283 554
268 553
