129 384
130 428
137 470
146 511
160 550
179 587
208 617
240 641
279 649
320 643
357 622
390 593
415 558
431 518
441 476
447 432
450 388
152 360
175 345
203 341
233 342
261 348
305 350
334 345
365 345
393 350
417 364
283 381
283 409
283 438
283 468
252 489
266 495
282 500
298 497
312 492
181 382
199 370
221 371
239 390
219 393
197 392
328 392
346 374
369 374
388 387
370 396
347 396
227 553
245 540
265 532
279 536
293 533
313 542
333 557
313 575
293 583
278 584
263 582
244 572
237 553
264 549
279 550
293 549
322 557
293 559
279 560
264 558
