124 381
125 424
130 467
137 509
150 549
171 585
202 612
237 633
277 641
317 636
355 616
389 589
412 553
427 512
436 470
445 426
448 382
145 353
167 337
195 333
224 338
252 349
310 350
338 340
368 336
397 341
419 357
282 382
283 411
283 440
283 471
252 492
266 496
282 501
297 498
311 494
177 383
195 373
216 375
235 393
214 395
192 393
327 394
346 378
367 376
386 387
369 397
347 398
221 549
244 541
264 535
279 540
293 536
312 543
335 551
312 563
292 567
277 568
262 566
243 561
229 549
263 548
278 550
292 549
326 551
292 549
278 550
263 548
