134 392
132 437
135 483
144 527
159 570
178 609
205 642
234 668
269 682
308 677
346 657
380 626
406 587
427 545
442 500
449 453
452 407
154 331
172 312
197 303
224 307
248 320
319 322
347 312
378 313
406 326
423 350
283 374
281 401
280 427
278 455
249 486
262 491
277 495
292 493
306 490
179 377
197 361
221 363
239 386
217 390
193 388
328 391
349 370
373 370
391 388
374 398
349 397
227 569
241 542
263 529
275 533
287 531
311 547
327 577
310 614
287 630
273 631
258 628
238 607
236 569
262 548
274 548
286 550
317 576
287 604
274 604
261 601
