130 381
129 423
132 463
137 505
150 543
172 578
201 608
233 634
272 644
314 638
351 617
386 591
412 558
430 520
438 478
444 434
447 391
147 354
169 339
197 335
225 340
250 352
314 353
340 343
369 340
398 346
421 363
282 384
281 414
281 443
279 474
243 486
260 491
278 497
298 493
316 489
180 380
199 373
218 376
235 391
215 389
196 386
330 395
348 381
368 380
388 388
369 393
350 394
194 517
225 517
256 518
278 523
299 520
331 522
365 524
331 559
299 572
276 573
253 569
223 552
203 521
255 529
277 533
299 531
356 527
299 554
277 555
255 551
