141 371
140 414
142 457
147 498
161 536
179 573
205 605
234 631
269 642
309 639
348 618
385 592
414 557
434 518
446 474
455 429
459 384
157 356
182 348
209 351
236 357
263 364
307 367
337 363
367 359
397 360
424 369
285 388
284 418
283 449
281 481
251 496
264 503
279 508
295 506
310 501
186 377
204 370
225 373
242 389
221 390
201 387
332 393
350 380
371 380
391 388
372 396
351 396
224 553
243 547
262 543
276 548
289 545
310 552
330 558
309 575
288 581
273 582
259 579
241 570
234 554
261 554
275 557
289 556
321 559
288 560
275 560
261 558
