128 381
127 423
128 463
131 505
142 543
164 576
192 605
226 627
266 637
307 632
342 612
373 586
398 554
413 517
423 477
429 436
433 394
153 356
177 344
207 343
235 350
262 358
306 362
335 359
363 355
391 358
413 373
285 384
284 411
284 439
284 467
245 475
262 483
281 490
299 486
316 480
183 377
202 371
220 374
237 387
217 385
199 382
327 393
344 383
363 382
382 390
363 393
345 393
207 517
230 507
256 507
278 512
298 509
324 514
344 527
322 557
296 570
274 571
251 566
226 548
216 519
255 517
277 522
298 521
335 528
297 550
276 552
253 547
