94 382
95 435
102 488
115 539
136 589
160 637
193 680
234 709
277 719
320 709
360 680
391 637
414 590
434 541
448 492
457 441
460 388
132 343
153 317
184 306
218 309
249 322
317 324
347 311
380 307
412 321
431 348
281 375
280 404
280 433
279 463
248 491
263 497
280 500
296 497
310 490
166 387
187 375
212 375
234 391
211 399
185 399
328 392
351 377
376 378
395 391
377 402
352 401
224 580
240 546
266 530
280 534
295 530
320 547
333 582
320 626
297 645
279 648
262 645
238 625
236 579
266 553
280 553
294 553
322 581
296 613
280 615
264 613
