102 378
104 427
108 474
115 519
132 562
162 598
200 628
242 653
288 659
334 649
374 622
409 591
434 554
447 511
452 466
456 421
457 374
131 352
154 329
186 322
218 326
247 339
317 339
345 325
376 318
409 326
429 352
280 377
279 409
280 441
280 473
247 486
264 492
282 496
300 491
315 485
168 385
190 376
212 377
233 391
211 395
188 393
327 390
349 376
371 374
391 384
373 392
351 393
204 526
236 521
264 517
284 520
305 516
333 518
364 520
335 556
308 571
286 574
264 572
236 559
215 529
264 529
284 531
305 527
353 525
306 550
285 553
265 552
