92 385
93 432
98 479
104 524
119 567
146 604
186 633
231 655
280 661
329 655
372 633
407 603
431 564
442 520
448 475
455 431
457 385
128 351
151 327
183 318
217 321
248 333
313 335
343 319
376 315
409 326
430 353
279 374
279 405
279 434
279 465
245 488
261 493
280 497
297 493
313 488
164 387
185 375
209 375
232 391
209 397
184 397
326 391
350 375
374 374
394 387
375 396
350 396
214 552
243 538
265 528
281 532
298 528
321 536
346 549
321 561
299 568
282 569
265 569
242 564
225 551
265 547
281 547
298 546
336 548
298 546
282 548
265 547
