93 374
96 423
101 469
107 515
124 557
152 593
191 624
234 648
281 655
327 649
368 624
402 593
425 556
436 514
443 470
449 427
453 381
132 356
159 339
194 334
230 339
265 347
302 352
336 342
370 338
404 344
428 364
281 377
281 407
281 438
281 470
246 487
263 493
281 497
299 494
315 488
166 381
189 375
212 375
233 387
211 390
187 389
328 389
350 378
372 378
393 387
373 393
350 393
222 550
247 537
269 529
282 533
298 529
318 538
339 550
319 565
300 572
284 573
268 572
247 565
233 550
268 545
283 547
298 545
329 548
299 548
284 550
269 548
