101 370
102 419
105 465
109 510
124 553
149 592
184 626
225 651
271 660
319 654
362 632
396 602
421 564
435 522
443 479
451 435
456 390
136 352
162 332
196 326
232 328
266 335
308 341
341 334
375 335
407 346
429 369
282 373
281 404
280 435
279 467
243 479
260 485
278 491
297 487
314 482
171 377
192 369
214 371
236 385
212 387
190 385
328 389
352 378
374 379
394 390
374 395
352 393
204 527
230 513
257 508
277 512
298 510
325 516
348 534
325 563
298 576
276 577
254 573
228 557
214 529
257 523
277 526
298 524
339 535
297 553
277 554
256 551
