105 380
107 426
111 472
117 516
131 557
156 594
192 623
234 646
281 653
328 647
370 625
406 597
431 561
444 519
451 476
458 432
462 387
137 353
161 333
192 324
226 323
259 329
312 334
345 326
379 328
410 341
431 364
281 371
281 403
280 435
280 467
248 484
263 490
280 494
298 490
314 485
172 383
194 374
216 374
237 387
215 391
192 391
329 389
352 378
374 378
394 389
374 395
352 394
217 540
241 525
264 519
283 523
303 519
325 524
346 541
325 552
303 560
283 563
263 560
241 553
228 540
264 538
283 539
302 537
336 540
303 539
283 540
264 539
