100 370
101 418
104 464
109 509
125 552
151 591
187 623
228 650
273 660
319 653
359 627
392 596
415 558
429 515
438 472
446 427
451 381
135 353
161 333
195 328
229 333
260 345
311 349
342 338
375 335
407 343
428 366
283 377
283 407
282 437
282 469
247 478
263 484
280 489
298 486
314 482
172 379
193 371
214 373
235 386
213 388
191 386
328 390
350 379
371 379
390 389
372 395
350 394
224 534
242 514
262 508
280 513
298 510
319 521
333 546
317 568
296 579
277 580
258 576
238 560
234 534
262 524
280 527
298 526
323 544
296 552
278 553
260 550
