126 383
128 424
137 463
145 502
156 540
175 574
204 600
240 619
278 625
317 618
352 600
381 575
400 541
409 504
417 466
425 427
428 386
148 366
171 349
200 344
230 348
256 359
309 359
334 348
363 343
390 349
411 367
284 385
285 415
285 445
285 476
251 483
266 490
283 496
300 490
315 484
182 383
200 374
219 375
238 389
218 388
199 387
325 389
343 373
362 372
380 383
364 387
344 388
218 522
237 512
261 510
282 516
301 511
324 514
340 526
323 551
301 562
280 564
258 561
235 548
227 523
261 521
282 524
301 522
331 527
300 543
281 544
260 541
