122 372
125 416
132 458
139 500
152 539
174 574
204 601
241 619
282 625
323 617
360 597
390 568
411 533
422 493
427 452
433 412
433 370
139 357
159 337
189 333
219 336
249 347
313 349
340 339
369 334
398 338
417 359
281 376
281 408
282 439
282 471
247 481
263 486
282 492
300 486
317 479
178 380
196 379
213 380
233 385
213 386
195 385
326 384
345 379
363 378
381 380
363 385
345 385
206 513
235 511
261 510
283 513
301 509
326 508
354 508
328 530
303 541
283 543
261 542
234 533
216 515
261 524
283 526
302 523
345 511
302 523
283 525
261 524
