115 382
120 427
131 470
141 511
156 550
178 585
210 611
247 628
285 632
322 625
358 604
388 576
409 539
420 499
427 456
434 414
435 371
132 367
158 352
189 351
220 355
250 364
306 364
333 353
363 346
393 345
418 358
280 388
281 420
283 451
285 484
251 499
267 503
284 506
300 501
316 496
171 387
190 380
211 380
230 393
209 394
189 393
327 390
345 377
365 375
384 380
367 387
347 389
221 545
242 537
264 530
284 534
302 529
323 533
343 541
325 561
304 571
285 573
265 572
242 563
231 546
264 544
284 546
302 543
333 543
303 546
285 549
265 547
