122 384
127 429
138 471
147 512
159 551
179 585
209 611
245 629
285 633
324 625
359 604
389 577
408 543
417 504
422 463
430 422
433 380
141 368
165 352
195 347
227 347
258 351
304 353
332 348
361 346
389 349
413 363
281 383
281 414
282 446
283 477
249 494
265 498
283 502
300 497
316 491
177 386
195 374
216 375
234 391
214 394
193 394
326 389
343 373
364 372
382 383
365 391
344 392
223 543
244 533
267 525
284 529
301 523
321 527
340 537
322 554
303 564
285 567
267 566
245 560
233 544
267 541
285 542
301 539
330 539
302 541
285 544
267 543
