116 389
121 433
131 476
138 517
149 555
168 590
199 615
236 632
278 636
319 629
356 611
387 586
407 552
416 513
423 472
431 432
435 389
137 366
158 343
189 332
222 330
253 338
312 342
340 335
371 338
398 347
417 367
282 381
282 413
283 446
283 479
249 496
265 500
282 504
299 499
315 493
175 387
193 376
214 377
233 392
212 394
191 393
328 391
346 377
366 376
383 387
367 393
347 393
220 547
242 535
264 527
283 531
300 526
319 531
337 543
320 556
301 565
282 567
263 566
241 561
229 547
263 543
283 544
300 541
328 543
301 543
283 546
264 544
