121 380
124 425
135 470
145 513
157 552
178 587
207 615
244 633
283 637
321 630
358 610
388 581
406 544
415 502
421 459
429 416
431 372
135 348
156 327
186 325
215 331
242 344
315 343
341 330
368 322
397 325
416 345
279 380
279 412
280 444
281 476
248 493
264 497
281 500
297 496
312 491
172 381
190 368
213 371
230 390
210 395
187 393
324 388
341 368
363 365
380 377
367 389
345 392
218 541
243 532
265 527
282 531
299 525
320 529
342 534
322 553
302 563
283 567
265 566
243 559
229 543
265 542
282 543
299 540
332 536
301 542
283 545
266 544
