124 391
129 434
141 475
151 516
162 554
180 588
209 612
245 628
284 632
325 626
363 610
393 583
412 547
421 507
426 465
434 423
437 381
140 364
161 344
192 339
222 343
250 355
308 356
334 343
364 337
394 339
417 357
280 385
281 415
282 445
283 476
252 494
267 498
283 502
298 497
313 492
176 388
193 377
214 378
233 395
212 399
191 398
327 392
344 375
366 372
383 383
368 393
347 395
224 544
245 533
265 526
283 531
300 525
320 530
340 541
321 554
301 561
283 563
264 562
245 557
234 544
264 542
283 543
300 541
331 542
300 541
283 543
265 542
