133 383
138 423
146 462
153 502
164 540
186 575
216 606
252 631
292 638
332 629
366 603
394 572
414 536
423 496
427 455
433 413
435 370
156 365
175 348
202 343
228 349
253 358
302 353
328 341
356 335
384 340
406 356
280 382
281 410
281 438
282 467
260 486
271 492
284 495
296 491
308 485
192 390
208 380
227 380
244 393
226 398
207 399
319 389
335 376
354 373
371 382
357 393
337 393
236 541
253 533
270 529
286 533
300 528
320 531
342 534
323 556
304 567
288 570
272 569
254 560
245 542
271 542
286 543
301 540
332 537
302 543
287 546
272 544
