132 361
139 404
148 445
157 484
170 522
193 557
222 590
254 619
291 628
328 618
362 589
391 555
412 517
424 476
429 433
434 388
437 341
153 372
175 360
202 360
228 365
253 375
297 369
322 357
350 350
379 349
406 359
277 382
277 413
278 444
278 476
250 474
263 484
281 491
299 483
314 473
189 385
207 381
223 380
241 386
223 388
207 388
318 383
335 374
352 373
371 376
354 381
336 382
231 511
244 504
264 503
283 507
302 502
324 502
343 509
328 549
306 569
286 572
265 569
244 549
239 514
265 512
284 514
303 511
334 512
304 544
285 548
265 544
