134 371
139 413
148 454
157 495
170 533
193 567
221 598
255 625
293 631
333 623
370 596
398 562
419 524
429 484
434 441
439 399
440 355
156 359
176 345
201 344
227 347
252 355
294 357
320 349
348 346
375 347
401 356
276 382
278 416
279 450
280 484
257 496
269 502
283 506
297 500
309 494
191 386
207 377
226 378
242 393
224 397
204 396
318 390
332 375
352 373
370 382
355 392
335 393
231 543
249 537
267 533
285 538
300 532
321 534
341 538
323 557
303 566
286 569
268 567
249 561
240 545
268 545
285 547
301 544
332 540
302 543
285 547
268 544
