134 381
139 422
147 462
155 501
167 540
189 574
219 606
253 632
293 639
334 630
368 603
396 571
416 534
426 494
429 453
434 411
436 368
162 370
182 357
207 353
233 355
259 362
297 359
323 351
350 347
377 350
399 361
279 385
280 413
281 441
281 470
259 489
270 494
283 497
296 493
308 487
192 390
208 379
228 379
244 394
226 400
206 400
319 392
333 376
354 373
371 384
357 394
337 396
238 548
252 536
269 528
284 533
299 528
319 534
337 544
321 566
303 575
287 578
270 576
253 568
248 548
270 543
285 544
300 542
326 545
300 549
285 552
270 550
