134 373
138 417
147 460
155 502
169 542
192 579
221 612
254 638
292 646
331 637
365 610
396 577
419 539
431 495
436 451
441 404
442 358
161 367
183 358
210 358
237 364
264 371
301 365
327 355
355 348
384 346
409 355
282 386
282 416
282 446
283 477
260 493
271 498
285 502
299 497
311 491
195 389
211 381
230 381
247 393
229 397
210 398
321 389
337 375
356 373
373 380
359 391
340 392
240 548
255 540
272 534
287 539
301 534
319 537
338 542
321 563
303 573
288 576
272 575
256 567
249 549
272 548
287 550
301 547
328 544
302 548
287 551
272 549
