129 383
132 426
138 469
144 510
159 548
184 582
217 613
255 639
295 646
334 635
367 606
396 572
417 536
427 496
432 454
435 411
438 367
156 367
175 349
201 344
228 349
253 358
304 353
330 340
357 334
384 338
406 353
281 381
281 410
282 440
283 470
254 482
268 490
283 495
298 489
312 482
191 389
208 380
227 381
244 393
226 397
207 397
318 390
335 376
354 375
371 382
357 391
338 392
212 518
240 519
267 519
285 522
304 518
332 517
362 511
334 555
306 572
286 576
266 574
238 559
221 523
267 529
285 531
304 528
352 518
305 550
285 554
266 552
