126 374
132 419
141 463
151 506
167 547
191 585
220 620
255 647
293 655
330 644
361 614
386 577
406 538
416 496
422 452
428 409
431 364
154 350
173 331
201 327
227 334
251 347
303 341
328 329
355 324
382 329
402 346
281 381
282 411
283 442
285 473
260 489
272 495
285 500
298 495
310 488
191 388
206 378
226 379
244 392
225 399
205 398
318 389
334 375
354 373
370 382
356 392
337 394
233 545
252 535
272 530
287 534
303 529
324 533
343 539
326 575
306 591
289 595
272 593
251 579
243 547
272 541
288 542
303 540
333 543
304 567
288 570
272 568
