114 411
119 452
127 490
135 529
145 569
165 603
197 628
238 644
286 649
334 644
376 629
410 605
431 570
441 530
450 489
456 447
459 403
141 370
162 350
193 341
226 338
258 345
304 343
335 335
368 334
400 341
423 359
281 373
281 396
282 420
283 445
251 471
267 476
284 480
302 475
318 470
176 391
195 381
215 378
237 388
216 392
195 394
329 386
349 374
370 375
390 386
370 389
349 388
225 546
244 522
268 509
286 513
301 509
327 522
349 548
327 560
303 563
286 564
268 562
244 558
237 543
268 531
286 532
302 532
338 545
302 541
286 540
268 539
