118 394
120 436
127 476
134 517
142 558
160 595
191 627
231 647
278 654
325 650
369 633
405 606
429 571
443 530
452 488
462 446
467 401
141 357
162 337
193 332
223 337
252 348
309 344
340 330
372 325
405 331
430 350
281 374
280 399
280 424
279 450
252 480
265 484
279 487
294 484
308 480
172 391
192 379
215 378
236 391
215 397
192 399
329 390
351 376
374 377
394 389
376 396
352 396
215 548
241 533
264 523
277 527
292 524
316 534
346 547
317 561
293 565
277 566
263 565
241 561
227 548
263 542
277 543
292 542
334 548
292 543
277 544
264 543
