116 380
116 424
120 467
124 509
135 550
157 587
189 620
230 645
277 654
324 647
368 627
405 598
431 562
444 521
450 477
456 434
461 389
138 355
162 336
195 333
228 340
258 351
315 349
346 338
378 332
411 337
435 356
287 377
285 405
284 432
283 462
245 477
263 482
281 487
301 483
319 480
177 385
198 377
219 378
240 388
219 389
197 389
333 390
355 379
376 380
397 389
377 393
356 392
195 522
227 513
260 510
281 513
304 511
337 518
372 526
337 559
303 572
279 573
256 570
224 556
206 525
259 526
280 529
303 527
360 528
303 550
280 551
258 549
