102 411
109 453
118 492
127 532
139 572
159 607
192 634
234 652
283 656
331 651
374 632
406 604
426 568
436 528
444 487
452 445
457 402
136 368
156 345
187 332
221 330
254 336
305 334
337 325
372 325
403 338
424 360
281 370
282 397
283 423
283 450
256 484
269 487
284 489
298 486
312 483
171 393
191 382
213 380
234 389
213 395
191 397
328 387
349 375
371 376
390 387
371 393
349 391
222 560
245 540
268 528
284 532
300 528
324 539
348 559
325 567
302 570
285 571
268 570
246 568
233 558
268 547
284 548
300 548
337 557
301 548
285 549
268 548
