100 424
104 469
111 513
122 555
137 595
157 633
185 667
225 689
273 694
319 689
358 666
386 633
405 595
423 557
437 516
447 475
453 432
141 353
162 328
193 316
227 317
259 327
307 327
340 320
374 321
403 337
421 363
284 366
284 386
285 406
285 427
252 469
267 473
282 476
297 475
310 472
170 386
190 369
215 368
236 385
214 392
189 393
327 388
349 372
373 375
390 394
372 399
348 396
218 575
236 531
263 513
279 517
297 515
320 533
330 577
317 598
296 606
277 606
260 605
235 596
230 571
263 536
279 536
296 537
318 573
295 584
278 584
262 583
