109 400
110 445
118 489
126 533
140 574
162 610
194 642
233 665
277 671
320 664
360 641
391 608
413 571
427 530
437 488
446 445
449 401
140 352
162 330
193 322
225 327
253 341
313 337
342 323
373 316
403 325
423 347
284 373
284 397
285 421
285 445
255 476
268 481
282 484
297 481
310 477
170 388
190 373
214 373
236 389
214 395
189 397
327 389
348 372
372 373
391 389
373 397
349 396
218 556
240 529
266 515
280 518
296 516
319 530
340 557
319 585
296 596
278 597
263 596
238 584
229 556
266 534
280 533
295 534
328 557
295 572
279 573
264 572
