113 400
116 445
124 488
130 530
141 569
160 603
194 630
235 648
280 653
325 647
367 631
403 607
423 573
433 533
441 492
451 450
457 405
143 361
168 343
199 337
232 337
263 344
301 343
335 337
369 336
401 344
424 363
282 372
282 395
281 418
280 443
254 476
267 479
279 481
293 479
306 477
173 386
194 370
219 369
240 387
218 394
193 396
326 387
347 369
373 370
393 387
374 396
348 394
222 554
244 532
265 520
278 524
293 520
315 534
338 554
315 566
294 569
278 569
264 568
243 565
234 551
265 541
278 542
294 541
326 552
293 542
278 543
264 541
