138 382
137 420
138 459
142 500
153 539
173 576
201 610
237 638
279 646
322 639
360 614
390 581
413 544
425 505
429 462
433 422
434 381
160 358
180 344
206 342
231 349
255 360
308 357
332 345
358 339
385 342
405 356
282 382
282 411
282 440
281 469
248 482
264 489
281 494
299 489
314 482
189 386
205 377
224 378
242 392
223 394
204 393
322 391
341 377
360 376
377 385
361 392
342 393
197 513
226 510
258 512
280 516
303 512
334 511
366 513
336 552
303 568
279 571
255 568
223 551
205 517
257 524
280 527
303 524
356 517
303 549
279 553
256 550
