147 378
148 418
153 456
159 495
170 533
188 571
212 604
244 630
283 638
323 631
359 609
388 578
409 540
420 500
426 458
432 416
432 373
167 366
185 353
209 351
233 357
255 368
306 367
329 356
354 349
381 350
402 362
280 379
280 406
280 434
280 462
252 472
265 479
281 484
297 478
311 470
193 384
210 378
226 378
244 385
225 387
209 387
321 384
338 376
356 375
373 380
356 384
339 384
226 526
239 508
262 503
282 508
302 502
327 505
345 521
328 550
305 565
284 569
262 567
240 553
234 526
262 518
282 520
302 516
337 522
304 543
284 547
262 544
