138 389
137 429
143 468
148 508
156 547
172 583
200 612
235 635
277 643
321 637
361 618
393 591
414 554
424 514
429 473
436 432
437 390
161 359
181 346
206 343
231 349
255 359
306 359
332 347
359 341
386 345
407 361
282 382
281 408
281 435
280 464
253 486
266 491
279 496
294 492
308 487
187 387
203 376
224 376
241 392
222 396
202 396
323 392
340 376
361 375
378 387
363 396
342 396
219 543
240 530
262 524
278 529
294 525
317 531
341 541
316 557
294 564
277 566
259 564
238 556
229 543
261 540
277 542
294 541
331 542
294 542
277 544
261 542
