131 379
130 424
137 469
146 513
160 557
180 600
207 640
241 671
281 680
323 672
361 644
391 605
414 560
430 515
439 468
446 421
448 374
155 342
174 325
201 323
228 329
251 341
316 339
342 327
369 321
397 327
417 344
283 378
283 410
282 442
282 475
252 493
267 501
282 507
298 501
312 495
180 381
198 367
223 369
242 391
220 397
195 395
326 390
346 368
370 366
388 381
374 395
349 396
214 548
237 535
266 532
282 536
301 532
328 536
353 546
328 588
301 606
280 609
262 607
235 590
223 550
265 544
282 546
300 544
343 549
300 582
281 586
263 583
