132 395
134 435
141 474
149 514
161 553
179 591
205 623
239 646
279 654
320 647
356 626
384 595
402 556
412 516
418 475
425 432
426 389
159 369
180 354
206 348
235 347
261 352
298 349
324 343
352 344
377 350
397 364
280 377
280 404
281 431
281 460
251 482
265 487
280 492
295 488
309 482
184 387
200 375
222 374
241 390
221 395
200 395
317 388
335 372
357 371
374 384
358 393
337 393
224 544
239 523
261 515
279 519
297 516
319 523
335 544
319 572
298 585
279 588
259 585
238 571
233 544
261 529
279 530
296 529
326 544
297 562
279 566
260 562
