146 384
145 421
149 459
154 497
162 535
178 571
203 602
237 624
277 632
320 627
358 609
389 581
409 546
420 507
427 467
434 426
436 386
169 363
188 351
211 347
236 347
261 353
305 349
331 343
358 344
382 350
402 364
282 379
281 407
280 436
280 465
253 484
266 490
280 494
295 490
308 485
192 384
208 374
228 374
246 389
226 392
207 392
322 389
340 374
360 374
377 385
361 392
341 392
225 537
242 522
262 517
280 522
296 518
318 525
340 539
317 549
296 554
279 555
261 553
241 546
233 535
262 533
279 536
296 534
331 538
296 534
279 536
262 533
