134 381
135 423
141 464
148 506
162 548
184 588
214 623
251 651
293 657
333 647
366 618
394 582
414 541
424 498
429 454
433 410
431 367
159 368
182 358
209 359
236 366
261 375
299 372
323 359
350 350
378 347
402 357
282 387
283 415
284 445
286 474
256 490
271 495
286 500
302 494
315 488
184 389
201 380
222 381
241 394
220 398
200 398
322 390
339 376
360 373
378 381
363 391
342 393
219 536
240 526
266 522
286 526
306 521
332 522
355 528
335 568
310 586
288 591
267 589
240 574
229 539
267 534
287 536
306 532
346 532
308 563
288 568
267 566
