135 389
139 429
147 468
154 507
165 542
185 572
213 597
247 616
287 623
326 616
362 596
392 572
412 539
422 502
427 463
434 423
439 382
161 366
180 354
205 352
230 352
256 357
308 354
333 344
360 338
387 339
408 354
280 380
280 404
279 428
278 453
253 474
266 478
280 481
295 478
309 474
192 388
208 376
228 376
245 391
226 395
207 395
320 390
337 373
357 371
374 383
359 392
339 393
222 525
241 509
263 503
281 506
299 502
324 507
346 522
326 547
302 558
283 560
263 558
241 546
232 526
263 517
281 518
299 517
336 524
300 538
282 539
264 537
