119 394
125 435
134 474
141 512
152 550
172 582
205 605
244 621
288 626
332 621
372 605
404 582
424 549
432 510
437 470
443 429
446 386
145 363
166 346
193 341
222 342
250 350
306 348
334 336
363 333
392 335
414 352
279 377
279 401
279 424
280 449
258 479
270 481
283 482
295 480
308 478
183 390
199 376
221 376
240 392
220 399
198 399
322 389
339 372
362 370
380 383
364 394
341 395
227 539
247 521
268 509
284 513
298 508
320 518
342 536
322 550
301 555
285 556
268 555
247 552
238 538
268 529
284 529
299 528
332 536
299 529
285 530
269 530
