122 388
129 431
139 472
147 514
159 552
183 585
216 610
252 630
292 635
333 626
368 605
398 578
419 543
427 503
432 461
438 419
441 375
145 371
166 354
194 348
223 349
252 357
306 354
332 343
361 338
390 341
413 358
281 379
281 405
282 431
283 458
254 477
268 481
285 485
300 480
315 475
185 388
202 378
222 378
240 390
221 393
201 394
322 388
339 373
359 371
378 381
362 388
342 389
217 526
238 509
264 503
286 507
308 502
335 507
359 520
337 550
310 564
288 567
264 565
237 551
225 527
264 515
287 517
308 515
350 523
309 545
287 548
264 545
