125 380
130 423
138 464
145 504
156 544
176 580
206 608
243 629
284 636
327 629
363 607
392 579
411 543
421 503
429 463
437 421
440 379
153 350
171 333
198 328
225 332
250 344
313 342
338 330
365 325
392 329
411 348
281 379
281 403
281 427
280 452
256 477
269 480
282 482
294 480
306 477
186 385
203 369
226 370
243 390
223 397
200 396
321 391
338 370
361 368
378 384
364 396
340 397
233 543
247 519
267 507
282 510
296 507
317 520
334 545
318 568
297 577
282 578
266 577
246 568
243 542
268 523
282 524
296 524
323 544
296 552
282 553
267 551
