115 398
121 440
129 480
136 520
147 557
171 587
205 606
244 620
285 626
325 621
362 605
395 582
414 550
423 512
429 472
434 430
437 388
151 361
173 347
198 343
226 344
253 349
310 343
336 333
363 330
390 334
410 351
281 377
281 401
282 424
282 448
256 475
269 478
283 481
296 478
308 474
186 387
203 375
222 375
239 390
221 393
201 393
320 389
338 374
358 372
375 384
360 392
339 393
221 534
244 517
266 508
283 511
298 506
317 514
338 532
319 543
299 547
283 549
266 548
243 544
230 533
266 525
283 526
298 525
328 530
298 527
283 527
267 527
