138 381
142 420
149 458
155 496
164 532
184 564
214 586
249 604
288 609
327 604
362 586
393 563
413 532
423 496
428 458
434 419
438 380
167 368
187 357
212 356
237 358
261 364
303 364
327 356
352 351
379 350
403 359
282 383
282 408
281 432
281 458
257 476
269 480
282 483
296 480
308 476
199 387
215 377
232 376
246 389
231 390
214 390
322 387
336 374
354 374
370 383
356 387
339 388
227 521
246 513
268 508
283 511
298 507
322 512
344 522
323 540
300 548
284 549
268 547
247 538
236 523
268 523
283 524
299 523
335 524
299 531
284 532
268 530
