134 376
135 419
139 461
140 504
147 544
167 578
199 603
233 624
273 632
315 630
354 614
392 593
417 562
430 523
439 481
449 438
455 394
159 357
182 346
209 346
236 350
263 358
310 362
339 356
367 354
395 357
418 370
285 383
283 408
281 433
279 460
252 481
265 486
278 490
293 488
307 485
194 382
211 374
230 375
246 388
227 390
208 389
327 393
345 382
365 384
382 394
365 400
345 398
222 537
242 526
262 519
277 524
291 521
311 529
333 543
310 551
289 555
274 555
259 553
240 548
230 537
261 536
276 538
290 537
324 542
289 537
275 537
261 535
