116 370
122 414
132 457
139 498
149 540
170 577
202 605
240 627
286 635
332 629
373 607
408 579
432 542
444 501
451 457
458 412
464 367
141 354
165 339
195 336
226 337
256 346
305 341
336 333
368 331
399 335
424 351
281 376
282 404
282 432
282 461
252 482
267 487
282 491
298 488
313 484
181 383
200 373
220 373
240 386
219 390
198 390
325 387
345 373
366 373
386 383
368 391
346 391
218 535
242 526
265 520
281 525
297 521
320 528
345 538
320 552
296 558
279 559
262 557
240 549
228 536
264 536
281 538
297 537
335 538
296 536
280 537
263 536
