113 379
119 421
127 464
136 507
146 549
167 585
200 612
237 634
282 641
328 635
369 614
406 587
431 551
443 510
450 467
458 423
463 379
140 343
164 329
193 326
223 333
252 346
311 345
339 332
370 326
400 328
426 344
282 378
282 401
281 425
281 449
254 478
267 482
281 486
296 483
310 479
180 384
198 373
220 373
240 388
218 394
196 393
326 390
345 376
367 376
386 387
369 397
346 396
222 540
245 525
267 516
282 521
297 516
319 525
341 542
318 556
298 562
281 563
265 562
244 555
233 540
266 536
282 536
297 536
330 542
297 539
282 540
266 538
