114 375
118 418
127 460
135 502
145 545
167 583
199 615
236 643
280 654
326 645
369 619
407 589
435 551
448 507
456 461
463 417
468 372
141 335
163 320
191 316
218 324
243 338
320 337
346 323
374 315
403 320
427 337
281 375
280 402
280 429
279 456
246 474
262 481
279 487
297 482
314 477
181 381
200 372
220 374
238 386
219 390
198 389
327 389
347 376
368 376
386 385
369 392
348 393
202 517
231 512
259 510
279 515
301 511
333 515
366 520
333 556
301 571
278 573
257 570
229 553
213 523
259 524
279 526
300 525
356 524
300 550
278 552
258 549
