117 385
123 426
132 467
139 507
150 547
169 582
201 611
238 633
283 640
329 634
369 613
404 587
428 552
440 512
448 471
455 429
461 386
146 351
169 337
198 332
228 333
258 340
306 336
336 329
368 329
397 336
421 352
282 374
282 397
282 421
282 445
254 473
267 478
282 481
296 478
310 474
182 384
201 370
224 370
242 386
222 393
199 393
325 386
343 370
366 371
385 385
367 395
344 394
227 541
246 521
267 510
282 514
296 510
318 521
338 542
318 556
297 563
281 564
265 563
245 555
238 540
267 531
282 531
296 531
326 541
296 539
281 540
266 539
