109 369
115 416
127 463
137 508
150 552
171 594
201 630
238 658
283 668
329 660
372 634
407 600
431 559
445 514
454 468
463 420
469 372
136 335
158 318
187 316
214 325
241 339
317 339
344 325
372 318
402 320
427 336
280 376
279 402
279 428
279 455
251 480
264 486
279 490
294 487
308 482
177 382
195 369
218 371
235 389
216 395
192 394
326 390
345 373
368 372
387 386
370 396
347 397
221 549
239 528
262 519
278 523
296 519
321 530
343 553
322 582
297 594
278 596
260 593
238 578
232 550
262 538
278 538
296 538
332 555
296 569
278 570
261 567
