119 363
125 408
134 452
143 494
154 537
177 576
208 607
242 634
286 642
331 635
373 611
412 580
440 542
455 497
463 452
469 404
472 356
143 351
170 344
200 349
228 357
256 366
298 366
328 354
360 344
394 339
426 348
279 387
278 414
278 441
277 469
252 488
265 494
280 497
296 494
311 489
181 385
200 379
220 379
239 389
218 393
199 392
328 390
346 379
366 378
387 384
368 392
348 393
226 548
246 536
266 528
282 532
298 528
320 536
344 549
320 563
298 569
281 570
264 568
245 562
235 548
266 545
282 546
298 545
334 549
297 547
281 548
265 547
