120 368
125 413
134 456
142 498
154 540
174 577
203 608
238 633
282 643
328 639
369 619
404 590
428 552
443 510
452 464
460 418
465 370
149 351
174 338
204 340
233 349
260 360
303 360
332 349
363 342
395 342
423 354
283 381
282 407
281 433
281 460
249 473
264 481
281 486
300 482
316 477
185 382
204 373
224 374
243 387
222 390
202 389
328 389
346 378
367 378
386 387
368 394
347 394
229 535
246 515
266 507
282 511
298 508
320 518
339 542
319 561
297 569
280 569
263 567
244 557
239 536
266 524
282 525
297 525
329 542
296 547
281 547
265 545
