121 378
128 420
135 461
139 504
149 544
174 579
209 607
249 633
290 639
332 630
369 604
401 575
424 540
433 499
435 455
438 412
441 368
141 355
163 337
190 333
217 339
241 353
305 348
331 334
360 329
390 334
414 351
278 380
279 415
280 450
282 485
247 488
264 496
283 502
300 495
316 487
175 386
194 375
215 377
236 391
214 392
193 392
320 389
340 374
361 373
382 383
363 390
342 391
206 519
234 515
260 514
283 517
305 512
332 512
362 515
336 545
309 559
285 562
262 560
234 547
217 522
261 523
283 526
306 522
351 518
307 539
284 543
262 540
