122 403
129 444
136 483
140 523
150 559
173 590
209 610
252 626
299 630
346 623
387 604
418 579
436 544
442 503
442 462
444 421
444 378
150 363
170 348
195 341
222 343
246 352
303 350
329 338
358 331
387 336
411 350
278 376
280 407
282 437
284 468
254 476
269 483
286 488
304 481
318 473
179 388
197 380
217 379
237 386
217 389
198 391
323 383
343 374
363 373
382 380
363 384
344 384
233 535
247 507
269 497
290 499
310 495
333 503
350 531
336 549
314 556
293 558
271 557
249 552
243 533
269 517
290 517
310 515
340 529
312 533
292 534
270 534
