116 397
122 439
128 480
133 523
144 563
169 596
206 620
248 638
292 641
336 634
373 613
405 585
424 549
431 508
433 465
437 423
439 381
143 360
163 342
190 334
218 337
243 350
308 344
333 331
361 327
389 335
410 352
279 380
280 412
282 443
284 476
257 491
269 496
284 501
298 496
310 490
173 391
192 376
215 376
237 392
214 398
191 399
320 390
340 373
363 372
382 385
365 394
342 394
230 551
248 532
268 523
284 527
300 522
320 529
342 546
323 559
304 565
287 567
270 566
250 563
240 550
268 541
285 542
301 540
331 546
302 539
286 541
269 541
