128 406
132 447
139 486
146 526
159 564
182 597
214 625
252 645
293 650
333 642
369 619
396 589
413 553
422 514
427 473
431 432
432 390
157 367
177 350
203 342
230 342
253 351
297 346
321 335
349 334
376 341
397 357
279 378
280 407
281 436
282 466
258 484
270 490
283 494
296 489
307 484
182 392
198 378
220 376
240 391
220 397
199 399
317 388
335 372
357 373
375 385
358 393
337 393
242 556
250 528
268 515
283 519
298 515
320 527
335 553
323 576
304 585
287 587
270 585
252 576
252 553
268 535
284 535
299 535
325 551
301 559
286 560
270 558
