124 398
128 442
134 482
138 523
146 562
165 596
198 621
236 640
279 647
324 642
367 623
405 600
429 567
439 527
442 485
446 443
451 398
152 364
174 346
204 337
235 338
264 348
304 350
331 340
363 339
393 347
417 363
280 377
279 407
279 437
278 467
252 487
265 493
280 496
295 492
310 487
181 387
200 376
222 374
243 387
222 392
200 393
323 387
344 374
366 375
387 387
366 393
343 391
225 552
243 530
263 520
281 524
298 520
318 530
335 554
318 569
298 574
280 575
261 574
241 568
237 549
263 537
281 538
297 537
324 550
297 546
280 547
263 546
