115 389
119 431
126 472
130 514
140 554
164 587
201 611
245 631
292 635
337 628
377 606
409 579
427 543
432 502
434 459
437 417
438 375
147 352
167 335
194 326
223 329
248 341
303 335
328 319
358 314
388 320
410 339
278 374
280 409
282 445
284 480
255 492
269 499
285 504
299 499
312 492
176 389
194 377
216 376
237 389
216 394
194 395
320 387
340 374
361 373
380 384
363 391
341 391
231 550
249 532
269 524
287 528
304 523
325 530
346 544
328 558
308 563
290 565
271 564
250 560
241 548
269 542
287 543
304 541
335 544
306 540
288 541
271 541
