117 397
122 441
130 484
137 528
152 570
174 608
207 640
247 664
289 670
331 661
367 635
394 600
412 559
423 516
428 471
432 426
433 381
145 345
162 324
188 315
215 319
237 337
310 331
332 313
359 308
386 316
405 336
278 376
279 406
281 436
282 467
258 487
269 493
282 497
294 493
304 487
174 390
191 372
216 373
238 392
216 399
190 400
316 390
337 369
362 369
380 385
364 396
340 396
237 562
249 533
268 521
282 525
298 520
318 533
332 561
321 587
302 599
285 601
269 599
250 588
247 560
268 544
283 543
298 543
321 560
300 568
284 570
269 569
