114 386
115 429
120 472
125 515
137 555
160 589
192 616
231 638
271 647
313 641
351 621
385 594
408 559
423 519
432 474
440 431
443 387
146 362
170 347
200 346
230 351
257 362
305 357
332 345
361 341
390 343
413 357
282 382
283 414
282 446
282 479
244 486
262 495
281 502
301 497
317 490
177 384
197 373
218 374
237 392
216 393
195 392
326 391
345 372
366 370
385 382
369 391
348 392
216 539
238 527
261 524
278 529
297 526
318 532
339 546
316 560
294 566
274 567
256 564
235 555
225 540
260 539
278 543
296 542
329 546
294 545
275 546
257 543
