119 378
121 421
125 464
131 506
144 545
168 580
199 609
236 634
277 643
318 635
355 609
385 578
408 542
422 503
429 461
434 418
435 375
148 357
170 343
198 341
226 346
251 358
309 355
334 342
361 337
389 340
410 356
282 383
282 414
282 445
282 477
246 482
263 490
282 497
301 491
317 483
179 383
198 373
217 375
236 392
216 392
196 390
323 391
341 374
361 371
380 382
364 389
344 392
199 515
228 510
259 510
281 515
303 512
332 512
360 517
333 556
303 574
279 576
255 572
224 554
208 518
259 522
281 526
303 523
350 520
303 553
280 556
257 552
