121 380
123 423
129 465
135 507
148 546
170 579
202 605
239 625
278 631
318 626
356 607
388 580
409 544
421 503
428 461
436 418
439 375
154 363
176 349
203 345
232 347
258 355
305 351
332 342
361 339
390 343
412 359
284 383
284 414
285 446
285 479
253 491
268 498
284 503
301 499
315 493
184 385
202 373
223 374
241 392
222 395
200 394
326 391
343 372
364 370
382 382
367 392
346 394
229 549
247 535
267 528
283 533
298 530
317 537
338 552
317 563
298 566
281 567
265 565
246 560
237 547
267 542
283 545
298 544
329 551
297 544
282 544
266 542
