128 378
130 421
137 463
145 504
158 541
179 575
207 604
241 627
280 637
320 629
355 605
384 576
406 540
419 501
428 458
435 414
437 369
154 363
176 350
203 348
230 353
255 363
306 360
330 348
356 343
384 343
406 356
282 381
283 411
284 442
284 474
251 479
266 487
284 494
301 489
317 481
185 384
203 376
222 377
241 390
220 391
201 390
323 389
341 374
360 371
379 380
363 387
343 389
228 533
244 515
265 509
283 515
299 510
320 518
337 537
320 562
300 575
282 577
263 573
242 559
238 534
265 528
283 530
300 529
327 537
299 548
282 550
264 547
