127 381
131 423
140 465
148 506
160 545
182 579
212 606
248 627
288 634
329 627
368 605
399 578
421 543
433 504
438 462
444 420
445 377
153 352
174 339
201 335
228 341
253 352
311 357
336 345
364 340
392 341
416 355
279 383
279 414
280 446
280 477
254 493
267 498
282 501
297 497
311 491
181 384
198 371
219 372
238 392
216 396
195 395
326 393
343 373
365 371
384 383
368 394
345 395
230 547
250 538
270 531
285 535
298 530
318 535
341 544
321 560
301 567
286 569
270 567
251 562
239 548
270 545
285 546
299 544
332 545
299 544
286 546
270 545
