120 387
122 430
130 473
138 515
152 555
174 591
204 621
243 643
282 650
320 642
357 618
387 587
407 550
419 509
427 467
435 424
438 380
150 344
170 327
197 322
224 325
249 336
304 333
329 322
357 319
385 323
406 339
280 376
281 407
282 438
282 470
251 484
266 491
282 496
299 492
313 486
177 381
195 365
218 368
236 390
216 394
193 393
322 388
341 365
364 363
381 378
367 390
345 392
228 550
244 525
266 517
282 522
299 520
320 530
336 554
319 581
297 592
278 593
261 589
241 577
236 549
266 529
281 531
298 532
326 553
297 568
279 569
262 566
