120 375
123 419
131 462
140 504
154 544
175 582
205 612
241 636
277 643
313 635
348 610
377 578
399 541
414 500
423 457
431 415
434 372
150 349
171 333
197 328
224 333
248 344
308 339
332 326
358 321
385 326
405 341
280 381
281 413
282 446
283 478
254 491
267 498
281 503
296 499
309 493
178 382
196 368
220 370
237 392
217 396
194 394
322 391
340 369
363 366
380 381
366 393
344 395
226 549
245 533
266 527
280 531
295 529
315 537
334 554
314 582
294 592
277 593
261 590
241 579
235 550
266 537
280 539
295 539
324 554
293 569
277 571
263 568
