123 374
125 418
132 461
137 503
148 544
168 580
198 608
234 628
276 635
319 631
357 611
388 583
407 546
416 505
423 464
432 423
436 381
150 355
175 342
205 343
234 349
263 360
309 359
337 351
366 347
395 349
416 365
284 384
283 411
283 439
282 468
252 490
266 493
281 496
297 494
311 491
185 384
203 375
223 376
241 391
221 394
200 393
326 393
344 379
365 379
382 389
366 397
345 397
220 542
243 535
265 530
282 534
298 530
319 535
342 542
320 555
298 559
281 560
264 558
242 554
230 543
265 541
281 544
298 542
332 542
298 539
281 541
265 539
