121 376
124 419
130 461
136 504
147 546
167 583
198 613
236 634
281 641
327 635
365 615
396 586
415 549
425 508
431 466
440 425
444 382
150 355
175 345
204 348
232 355
261 364
304 366
334 358
363 352
393 351
418 363
282 384
282 410
281 437
280 466
250 487
265 491
282 494
298 491
312 487
184 384
202 378
221 378
239 390
220 392
200 391
327 391
346 380
365 380
383 388
366 394
346 393
218 540
244 535
267 531
284 534
299 530
321 533
346 536
323 551
301 556
285 558
268 557
244 552
227 541
267 541
284 543
299 540
337 537
300 541
285 543
268 541
