129 395
129 440
135 484
144 529
158 573
176 616
202 654
236 681
275 693
315 687
351 662
379 626
399 584
413 540
425 495
434 450
438 405
156 348
174 327
201 321
229 327
255 342
314 343
342 332
371 328
400 339
417 363
283 378
282 401
281 425
279 449
253 479
265 483
279 487
293 485
306 483
186 383
201 370
224 370
242 390
221 395
199 394
325 393
344 376
367 376
384 391
367 401
345 400
226 561
239 534
264 523
279 527
294 525
319 538
333 567
320 611
296 629
279 631
261 627
237 604
235 562
264 541
279 541
294 543
325 567
295 604
279 605
263 602
