114 403
118 445
125 486
132 526
145 564
168 595
200 618
239 634
282 641
324 635
359 617
388 590
405 556
414 517
420 477
425 439
427 400
143 361
163 341
192 335
222 339
251 351
308 351
335 340
362 336
389 342
407 360
281 378
281 401
282 425
283 450
250 476
266 480
282 484
297 480
311 476
179 386
197 375
217 376
235 389
216 392
196 392
320 389
340 375
360 375
376 386
361 392
341 392
213 530
242 521
269 517
285 520
302 517
326 521
351 526
327 546
303 553
285 555
267 554
241 548
223 532
268 529
285 530
302 528
341 528
302 537
285 538
268 537
