124 388
126 431
133 474
138 516
150 556
169 592
198 619
234 638
277 644
321 640
357 621
385 593
402 558
413 518
421 478
429 437
433 395
152 356
174 342
202 344
228 353
253 367
312 368
337 358
364 352
390 353
411 368
283 380
282 404
281 428
281 454
251 475
264 480
279 484
295 481
309 476
185 381
202 374
220 375
238 386
219 387
200 386
324 388
342 378
361 379
378 388
361 392
343 391
221 544
239 525
261 517
281 521
299 516
320 524
336 545
321 561
301 565
281 566
261 565
239 559
231 542
261 533
280 534
299 533
326 543
299 542
281 543
262 542
