134 399
136 439
143 478
148 518
157 556
174 590
202 617
238 636
279 643
322 639
359 623
389 597
408 564
418 526
427 487
436 450
441 410
161 354
182 338
209 335
236 340
263 351
313 352
341 344
370 342
397 349
416 368
286 379
285 399
283 420
282 442
257 473
269 476
282 478
295 477
308 475
192 383
208 372
228 372
245 388
226 393
206 393
329 391
347 376
368 378
384 390
369 399
347 398
229 542
247 526
269 516
283 520
297 516
318 527
334 544
318 560
298 565
282 566
267 565
246 558
240 541
268 535
282 535
296 535
324 543
297 543
283 544
268 543
