120 394
124 436
130 479
136 521
147 560
168 592
199 616
235 633
276 639
319 635
357 618
389 594
408 561
418 521
425 482
433 442
439 400
149 354
172 337
201 334
231 340
260 351
311 353
340 345
369 341
397 347
416 366
285 380
284 402
283 426
282 451
253 479
267 482
282 484
296 482
310 480
185 385
202 376
223 376
240 389
221 393
200 393
327 392
345 381
365 382
382 391
366 398
345 397
221 540
245 530
268 522
283 527
297 523
318 530
340 540
318 550
298 555
282 556
266 555
244 551
230 540
267 538
282 539
297 538
331 539
297 537
282 539
267 537
