124 391
128 432
137 471
146 509
159 545
180 579
207 608
240 631
280 639
319 633
352 610
379 582
399 547
412 510
420 470
426 430
428 389
156 368
175 351
203 345
232 347
259 354
300 358
326 351
354 350
380 356
401 371
282 380
283 409
284 439
285 470
249 479
265 487
284 493
302 487
318 480
186 386
203 376
221 375
239 387
221 389
202 389
320 390
338 379
356 380
373 391
356 394
338 393
227 536
246 521
267 517
284 520
300 517
320 521
337 536
320 561
300 573
282 575
264 573
244 561
236 536
267 524
284 526
300 525
328 536
300 552
283 555
266 552
