129 396
133 437
143 476
152 514
163 549
181 580
209 604
243 620
282 626
323 621
360 603
390 579
409 546
421 510
429 472
437 433
439 394
158 361
174 341
197 329
225 323
252 329
313 331
339 325
367 328
391 340
407 362
283 372
283 403
284 434
284 466
254 485
268 490
284 495
300 491
314 486
187 385
204 370
225 370
244 387
224 391
203 392
321 389
341 372
362 372
379 387
363 394
341 393
225 542
245 527
266 521
282 525
298 522
318 530
337 546
317 555
297 559
280 560
263 557
244 552
235 541
266 536
282 538
298 538
328 545
297 537
281 538
264 536
