120 388
124 430
132 471
142 512
156 550
177 587
205 619
239 643
277 650
316 641
350 615
377 584
396 547
410 509
420 469
428 428
431 387
152 352
168 333
191 321
218 317
243 324
310 326
334 319
359 321
383 332
399 352
279 371
280 403
282 435
283 467
251 485
265 491
281 496
297 492
310 486
179 381
196 364
219 365
238 385
218 390
194 391
316 386
335 367
358 366
374 382
360 392
336 392
218 539
240 525
264 520
281 523
298 521
321 527
339 543
320 575
297 589
278 591
260 588
237 573
226 540
264 531
281 533
298 532
330 545
297 566
279 568
262 565
