123 383
126 428
135 473
146 517
161 559
183 598
210 632
241 659
278 669
315 660
346 632
372 599
393 559
410 519
423 475
433 431
436 386
151 344
174 332
199 331
225 334
247 346
312 342
335 332
360 332
383 337
404 348
282 378
283 409
284 439
284 470
252 486
267 493
283 499
298 495
311 489
181 383
198 368
222 370
241 389
221 395
196 395
318 392
338 373
361 373
377 388
363 399
340 399
221 543
240 527
265 521
280 524
298 522
321 531
337 549
321 589
297 607
278 609
260 605
236 586
228 546
265 531
280 533
297 533
329 551
297 583
279 586
262 582
