120 387
124 428
132 469
142 508
156 545
177 578
207 604
241 624
280 630
319 623
353 602
382 575
401 542
414 505
422 467
430 428
432 389
151 355
171 338
198 332
225 336
251 348
308 349
333 339
360 336
386 342
405 359
283 380
283 408
284 436
285 465
254 485
268 490
283 495
298 491
312 487
182 384
199 370
221 371
240 389
220 393
197 393
319 391
338 375
360 374
377 388
361 397
339 397
223 535
246 528
268 524
282 528
296 525
316 531
337 539
315 556
295 563
280 564
265 562
244 553
233 537
267 538
282 541
296 539
327 540
295 540
281 541
266 539
