120 385
124 429
132 471
141 511
155 547
177 581
206 611
240 636
279 644
318 635
353 608
382 578
402 543
415 505
423 465
429 425
431 383
149 359
168 341
193 334
220 335
245 345
312 346
336 336
361 335
386 343
404 361
283 377
284 408
284 439
285 471
249 482
266 488
283 494
301 489
316 483
181 383
199 371
220 372
239 387
220 390
198 390
319 389
337 374
358 374
375 386
360 392
339 392
203 516
233 513
263 513
282 516
303 513
330 514
356 519
331 555
303 572
280 574
259 571
229 554
211 519
263 523
282 526
302 524
347 522
302 550
281 554
261 550
