125 392
128 432
136 470
145 507
158 541
176 574
203 599
237 619
277 626
317 621
352 602
379 576
396 541
408 507
416 469
423 430
425 390
158 364
178 349
204 343
232 345
258 355
301 356
325 348
353 347
379 353
398 369
282 377
283 404
284 431
284 460
248 468
264 476
283 482
301 477
317 470
187 384
203 375
221 374
239 384
221 386
203 386
319 387
337 378
355 379
371 389
355 391
337 390
225 527
241 507
264 499
283 504
300 501
321 510
334 533
320 558
298 568
279 569
260 566
238 555
233 528
263 514
282 516
299 516
325 533
298 545
280 546
261 543
