122 392
127 434
135 474
143 513
157 551
177 585
208 612
245 630
290 635
334 628
371 609
402 583
421 548
431 509
436 469
439 428
439 384
154 371
172 354
199 345
228 345
257 350
300 346
328 338
357 337
384 344
404 361
278 379
278 407
279 434
279 463
248 480
264 487
282 492
300 485
316 477
185 389
202 379
222 378
240 391
221 396
201 396
318 388
336 373
357 372
375 382
359 391
338 391
234 549
249 527
267 519
284 523
301 517
321 523
338 543
323 551
304 557
287 559
270 558
251 555
244 546
268 536
285 536
301 534
328 541
303 536
286 538
269 537
