121 399
125 441
133 481
144 521
158 560
177 596
207 626
243 646
287 651
330 643
367 621
396 591
414 555
425 517
432 478
436 438
437 397
155 360
175 340
202 330
231 328
260 334
306 332
333 325
362 326
388 336
405 357
281 375
281 402
281 429
281 456
255 482
267 487
282 491
297 487
311 481
183 385
201 369
224 368
244 390
223 397
199 397
319 389
338 368
362 367
379 384
363 396
339 396
236 553
250 531
269 521
283 525
298 521
318 530
334 554
320 573
301 580
285 582
270 580
251 572
247 552
270 538
284 537
298 537
324 553
299 558
285 559
270 558
