118 391
122 433
129 473
138 513
151 553
171 588
204 615
242 635
286 641
329 634
367 613
399 586
420 552
430 514
435 474
439 432
440 389
151 367
170 348
197 336
229 333
259 339
306 335
333 327
363 328
389 339
405 359
280 376
280 404
280 431
280 460
253 485
267 490
282 493
297 489
311 482
184 387
201 376
222 374
241 389
221 395
200 396
319 387
337 371
359 370
377 382
360 392
338 392
232 552
249 534
267 526
282 530
297 525
315 532
333 548
317 558
300 562
285 564
269 563
251 560
242 549
267 542
283 543
298 541
324 546
299 542
284 544
269 543
