116 390
120 433
127 474
137 515
151 555
173 590
207 620
245 639
288 644
331 636
368 614
399 585
419 549
430 510
435 469
439 429
440 387
149 360
167 340
194 330
224 333
251 345
307 343
333 331
363 329
390 338
407 358
278 381
279 407
279 434
279 462
252 486
266 491
281 495
296 491
310 485
180 387
198 374
220 374
240 391
219 398
196 398
317 390
337 372
360 371
378 383
362 396
338 396
233 552
250 537
268 528
282 533
296 527
315 535
334 550
317 560
300 565
285 567
269 566
252 562
242 550
268 544
283 545
297 543
324 549
298 544
284 546
270 545
