121 387
124 430
130 473
137 516
150 556
172 593
203 624
241 648
284 656
327 648
366 624
399 593
422 557
433 517
439 474
443 433
445 390
152 354
169 334
195 323
224 325
249 338
312 339
338 329
367 328
394 339
412 360
280 377
280 407
280 436
280 466
248 482
263 487
281 492
299 487
315 481
185 384
203 374
223 375
243 391
222 394
201 392
321 391
340 376
361 375
380 386
362 393
341 394
209 527
235 518
262 516
283 520
303 516
331 518
357 529
334 560
306 574
285 576
262 573
235 558
217 529
262 528
283 531
303 528
350 530
305 556
284 557
263 554
