115 364
119 409
126 452
135 495
152 536
176 574
208 605
243 629
283 637
323 628
359 603
391 573
414 535
429 494
436 451
440 407
443 361
146 364
169 349
199 346
230 352
260 361
297 360
326 351
356 346
385 347
410 361
278 386
279 414
279 443
279 473
247 487
262 494
280 500
298 494
314 486
181 384
200 379
220 378
239 389
219 395
198 395
320 389
337 378
358 377
377 384
360 394
339 394
231 547
249 538
266 532
281 537
296 532
314 537
334 547
316 561
298 567
283 569
267 567
250 560
241 547
266 544
282 547
296 544
325 547
297 547
283 549
267 546
