121 401
124 446
132 491
145 535
162 578
181 619
208 656
243 681
286 687
327 677
361 650
387 613
404 573
419 531
429 488
434 444
433 398
155 354
172 332
198 322
226 325
251 338
308 337
332 325
359 321
386 330
402 351
279 376
279 401
280 426
281 452
254 481
267 486
281 489
296 486
309 480
183 384
199 367
224 367
243 389
222 396
198 396
316 388
335 367
359 366
376 384
361 396
337 395
240 568
249 534
269 520
283 523
297 519
318 534
328 568
319 600
300 615
284 617
268 615
249 600
249 566
270 540
283 540
297 540
320 567
298 589
284 590
269 588
