119 358
123 405
132 449
142 493
158 533
184 569
214 601
246 628
283 637
321 629
358 602
391 571
418 534
434 494
444 450
450 405
454 358
143 343
165 325
195 319
225 324
253 337
311 338
339 326
370 320
401 327
424 346
281 377
280 412
280 447
279 483
248 490
263 497
281 503
299 497
316 490
178 379
197 371
219 372
241 387
218 392
195 390
326 388
347 374
369 373
389 382
371 393
348 393
219 538
242 528
265 524
283 528
301 523
324 527
346 536
326 566
303 581
283 585
263 582
241 567
230 541
264 537
282 539
301 537
335 539
302 558
283 561
265 558
