130 362
133 404
139 445
145 486
158 523
181 559
210 587
241 613
277 623
314 616
349 593
382 565
407 531
424 494
433 454
440 413
445 370
153 360
176 347
203 346
231 351
257 360
306 361
333 352
363 347
392 352
416 368
281 380
280 409
279 438
278 468
246 472
261 480
277 486
295 482
310 475
186 379
204 374
222 375
241 383
221 384
203 384
323 387
343 379
361 380
380 387
361 391
342 390
221 519
234 502
256 499
275 504
294 501
315 506
330 525
315 553
293 568
272 570
252 565
231 548
229 519
255 512
275 516
294 514
321 524
293 543
274 546
254 541
