126 370
128 412
131 452
136 492
148 530
172 565
203 594
237 619
275 628
315 620
354 597
388 570
414 537
429 499
436 457
441 416
446 374
151 353
171 335
199 327
229 329
256 340
313 341
340 331
370 329
399 338
419 360
283 375
282 406
281 436
280 468
246 473
262 481
280 488
299 482
315 476
187 382
206 378
223 378
243 386
223 388
205 388
325 389
345 381
364 382
382 387
364 393
345 392
206 508
231 503
258 504
279 509
301 506
330 508
357 513
330 546
300 561
277 563
254 559
228 542
214 511
258 513
279 517
300 515
348 516
300 543
278 545
256 541
