125 359
127 403
132 445
139 486
153 524
177 558
208 587
239 615
274 625
312 619
346 594
377 566
403 532
421 496
430 456
438 414
443 370
152 357
178 345
208 345
236 350
262 360
308 360
336 351
365 345
395 349
419 363
284 383
283 414
281 445
279 476
250 484
263 492
279 498
295 494
310 488
186 378
205 370
225 371
243 385
222 387
202 386
326 388
345 375
366 375
384 384
367 392
346 392
221 534
238 524
259 520
276 526
292 523
314 530
334 539
314 564
291 574
273 575
256 572
235 558
230 535
259 534
275 537
291 536
324 540
291 551
274 553
258 549
