125 363
127 406
133 446
140 486
154 523
178 556
209 582
242 605
277 613
313 608
348 587
383 562
410 530
426 493
435 454
443 414
448 372
152 348
175 334
203 328
232 332
259 343
314 345
341 335
371 331
400 338
421 356
285 379
284 411
283 443
282 476
252 487
266 493
282 499
298 495
312 490
184 380
203 372
224 373
244 387
222 391
201 390
327 389
348 377
369 377
387 386
370 396
348 396
221 533
244 528
264 525
280 530
295 527
316 532
340 538
316 553
294 559
278 560
261 557
242 549
230 535
263 538
279 541
295 540
330 539
294 539
279 540
263 537
