123 361
126 403
132 444
139 483
153 518
177 550
207 578
239 605
276 614
314 610
348 585
379 557
404 524
420 488
429 449
437 409
442 367
151 358
175 344
205 337
235 339
264 348
303 349
334 342
364 340
395 347
417 364
283 379
283 413
282 446
281 480
249 484
264 492
281 499
298 494
313 488
186 379
205 373
223 374
242 385
222 387
203 386
325 388
345 378
364 378
383 385
365 392
345 392
221 523
240 516
260 516
278 522
297 519
317 522
338 530
317 546
296 553
277 554
257 550
237 539
230 524
259 529
278 533
297 532
328 531
296 533
277 534
259 530
