123 364
127 408
134 451
143 493
159 531
184 566
214 596
247 621
283 629
318 621
349 595
378 564
400 529
415 491
424 451
432 409
436 366
153 349
176 332
205 327
234 331
261 342
304 344
333 335
363 332
392 338
413 357
283 379
283 411
284 443
284 476
251 482
267 490
284 496
301 490
316 483
187 381
205 372
224 374
242 387
222 390
203 388
323 388
341 376
361 375
379 384
362 392
342 392
226 531
243 516
265 512
283 516
300 512
321 517
337 531
322 561
301 577
282 580
263 578
241 562
235 532
265 524
283 526
300 525
327 533
300 555
283 559
264 556
