110 387
115 440
127 493
142 541
161 586
185 630
216 668
252 696
290 705
328 694
362 666
390 626
409 580
425 531
435 481
442 428
443 376
140 348
160 329
188 325
217 332
245 343
310 342
335 330
364 323
392 327
414 343
278 380
279 405
280 430
281 456
257 488
269 492
282 494
295 493
306 489
175 385
193 371
217 372
237 391
216 398
191 398
321 389
341 370
365 369
384 384
368 396
343 396
238 584
249 552
269 539
282 543
296 540
319 554
331 587
321 627
300 645
284 646
269 643
249 625
246 584
270 555
283 555
296 556
322 586
297 619
283 620
269 617
