119 388
122 432
128 474
134 515
146 555
169 589
203 615
243 632
288 634
332 630
372 613
404 585
425 549
435 506
438 465
441 422
441 378
146 362
169 349
198 348
227 352
256 358
302 358
329 350
358 345
386 344
411 354
279 379
280 405
281 431
282 458
253 482
267 486
282 490
297 486
312 482
180 385
198 377
218 378
237 390
216 393
196 392
323 388
341 376
362 374
381 381
363 388
343 389
215 544
239 530
265 524
284 528
302 523
328 528
351 542
329 558
304 563
285 565
265 564
239 559
225 545
265 538
284 539
302 537
342 543
303 546
285 547
265 546
