112 383
115 431
121 478
128 523
140 567
163 606
198 637
239 660
283 667
326 657
365 632
398 600
420 560
430 515
435 470
439 424
441 377
141 357
162 340
191 337
220 343
248 353
309 352
336 340
365 332
393 335
415 351
279 380
280 403
281 427
282 452
251 476
266 480
282 483
298 480
312 475
175 385
194 375
216 376
236 391
215 395
193 395
322 389
342 375
363 374
382 382
366 393
344 394
214 542
237 523
264 515
281 519
300 514
327 522
349 539
328 573
301 587
282 589
262 587
236 574
223 543
264 529
281 530
299 529
340 541
300 565
281 567
263 565
