103 395
107 442
114 487
121 531
134 572
158 605
194 628
236 641
283 643
330 638
370 623
403 597
423 562
430 519
432 476
436 432
438 388
140 360
168 351
199 355
229 363
259 370
295 368
323 360
353 352
382 349
409 358
278 383
279 404
281 426
282 450
252 483
266 484
281 485
295 484
308 482
172 386
192 378
214 377
236 391
213 396
191 396
318 390
338 377
360 376
379 384
361 394
339 394
221 553
245 535
266 524
281 528
295 524
314 534
335 551
314 557
296 557
281 558
265 557
245 558
232 551
266 540
281 541
295 540
325 549
294 538
281 539
266 539
