119 395
124 440
132 482
139 523
150 563
171 598
202 623
241 639
287 642
332 637
372 621
403 595
422 559
431 517
435 475
441 431
443 387
146 361
170 347
199 346
228 353
256 363
299 363
327 354
357 348
387 348
413 360
279 376
280 396
280 417
281 439
251 463
265 468
281 473
297 469
312 463
180 383
197 374
218 374
238 386
216 390
196 390
322 385
341 374
362 374
382 382
363 389
343 389
224 545
240 517
264 506
284 510
302 506
326 515
342 543
327 560
305 564
285 566
265 565
241 560
234 543
264 523
284 524
303 523
332 541
303 545
284 546
265 545
