120 390
123 432
129 473
135 514
145 554
167 588
201 615
242 633
286 639
329 632
368 613
400 585
419 550
427 508
431 467
434 425
435 382
150 356
172 342
199 338
228 342
255 348
301 346
328 340
357 337
384 340
406 355
278 375
279 398
279 421
280 445
254 474
267 477
280 479
294 477
306 475
180 381
198 369
220 369
239 386
218 391
196 390
317 386
337 369
360 367
378 379
361 390
338 390
219 537
240 522
265 515
282 519
298 515
322 522
343 536
323 560
299 569
282 570
264 568
240 560
229 538
265 531
282 532
298 531
333 538
298 547
282 548
265 547
