105 381
108 429
116 476
122 520
135 563
160 598
198 623
238 643
281 648
325 641
365 620
401 593
424 556
434 512
437 467
440 421
442 374
137 358
161 344
189 342
219 348
248 358
306 357
335 346
365 340
393 342
416 357
278 381
279 404
280 428
281 453
249 480
265 484
281 487
296 485
310 482
173 384
193 376
214 376
234 389
213 393
192 393
321 388
341 375
362 375
381 383
364 392
343 392
219 547
244 534
266 527
280 531
295 527
316 534
339 547
316 556
295 560
280 561
264 560
243 556
230 546
265 541
280 543
295 541
328 545
294 541
279 542
265 541
