138 400
141 439
147 478
152 516
163 553
181 587
207 616
241 640
283 648
326 640
364 620
394 594
415 560
427 523
435 483
442 443
446 401
162 365
176 342
202 329
230 328
255 339
303 341
332 327
365 325
396 338
415 363
277 374
276 400
274 427
273 454
249 477
262 481
276 485
292 481
307 477
191 388
206 378
224 377
243 388
224 390
206 391
321 385
339 374
358 373
375 383
358 387
340 387
215 534
230 511
256 504
279 508
302 504
331 509
355 530
334 556
305 569
281 572
256 570
231 558
224 534
257 521
280 523
302 521
345 531
303 546
280 549
257 547
