123 430
128 474
138 517
150 559
166 599
187 637
216 671
250 693
290 701
329 691
360 667
386 631
402 590
415 548
425 505
431 461
433 416
153 356
166 330
191 314
221 313
246 326
313 323
335 308
364 306
389 321
404 346
280 371
280 391
281 412
282 433
255 469
268 472
283 475
297 472
309 468
185 391
200 372
223 371
243 390
222 396
200 397
315 388
334 367
358 366
374 384
359 392
336 392
225 556
237 514
266 498
284 500
300 498
328 513
341 554
330 606
304 629
285 632
265 629
238 605
234 555
267 513
284 512
300 513
331 554
302 606
284 609
266 606
