107 378
109 426
116 473
125 518
139 561
163 602
194 636
234 659
278 665
319 653
352 625
378 589
397 548
408 505
415 460
419 415
420 369
147 365
170 350
198 345
227 351
253 361
310 357
332 344
356 338
381 339
399 352
282 376
284 402
285 429
287 457
251 472
267 479
284 484
301 478
314 470
182 384
201 378
219 378
237 384
219 385
201 385
317 381
335 374
352 373
368 377
354 380
337 381
211 532
231 507
260 501
284 505
308 500
331 504
343 524
331 560
309 575
283 579
258 577
230 565
219 531
260 512
283 514
308 511
334 525
307 552
282 557
259 555
