101 399
106 444
113 487
123 529
140 567
167 601
201 629
240 651
284 657
325 646
359 618
387 584
407 547
418 506
422 463
425 421
425 379
138 360
158 339
188 329
219 332
248 344
307 343
333 327
361 320
391 326
409 347
280 374
282 400
285 426
287 453
251 474
268 478
286 483
302 477
316 472
177 387
195 380
214 379
234 386
215 388
196 389
317 383
336 374
355 373
372 379
356 383
338 384
199 525
229 509
262 502
285 506
308 501
336 506
359 520
338 553
311 571
285 575
261 573
227 558
210 526
262 516
285 518
308 515
348 522
309 547
285 551
261 549
