123 390
128 433
137 475
146 516
159 556
179 592
208 624
246 647
290 654
333 645
371 622
402 589
422 549
432 506
437 463
441 418
442 372
153 368
171 351
198 341
227 342
254 352
301 352
326 337
356 332
386 334
411 348
278 378
278 407
279 437
280 468
254 490
267 495
283 498
298 493
313 488
185 389
201 380
219 379
239 389
220 391
201 392
320 384
338 372
357 370
376 377
359 382
340 384
219 545
239 531
265 524
287 527
306 522
334 526
357 540
336 562
310 573
289 576
266 575
240 565
230 546
265 544
287 544
307 542
346 541
308 548
288 550
266 548
