113 404
119 445
127 486
137 525
151 562
173 595
204 621
242 641
285 647
328 639
362 615
389 585
407 550
417 512
423 472
429 431
431 389
146 358
164 339
192 330
221 333
247 345
306 342
330 326
358 319
386 327
403 347
277 375
278 399
279 424
280 450
254 478
268 480
282 482
295 479
307 476
181 388
198 378
217 377
237 387
218 393
198 394
316 383
334 371
354 370
371 379
356 386
335 387
219 539
241 522
265 512
282 515
298 511
320 520
341 533
321 551
299 560
282 562
264 561
241 555
229 538
265 533
282 534
298 532
330 534
297 532
282 535
265 534
