131 363
132 407
138 452
145 496
157 539
177 580
204 618
237 648
277 658
319 652
357 626
389 593
415 553
430 510
440 466
449 419
451 373
154 358
177 344
207 344
236 354
262 369
304 370
332 354
365 345
399 349
424 366
281 389
279 419
277 450
276 482
249 498
262 504
276 508
293 505
308 500
187 380
205 371
226 373
244 390
222 393
201 391
325 392
345 376
367 375
386 385
368 396
346 396
216 551
235 540
258 533
276 539
294 534
317 541
338 553
316 573
293 584
274 587
255 584
234 571
226 552
257 553
276 556
294 554
328 555
293 556
275 558
257 555
