128 382
132 426
139 469
149 511
165 551
189 588
219 618
253 641
290 649
328 640
362 616
391 585
413 546
426 502
432 458
437 411
437 364
150 342
166 324
192 321
218 328
241 340
306 333
330 315
357 305
387 306
409 324
277 379
278 409
278 438
279 469
252 489
266 495
281 499
296 495
310 489
182 383
197 369
220 371
239 390
218 396
195 395
321 386
339 364
362 359
380 372
366 386
343 390
231 548
247 532
266 525
281 529
296 526
317 533
337 549
319 574
299 585
283 587
266 584
247 572
241 548
267 538
282 539
297 539
326 549
297 563
282 564
266 562
