141 385
142 428
147 469
152 511
162 551
182 587
211 617
244 642
281 652
320 646
359 625
393 598
418 564
433 524
440 481
447 436
451 390
156 356
176 340
206 339
234 348
261 361
307 357
337 343
369 335
402 340
425 361
285 384
283 411
282 439
280 468
254 489
267 495
281 500
296 496
311 493
187 381
205 369
228 371
246 391
225 393
203 391
331 392
350 372
373 371
392 384
375 393
352 394
230 551
246 535
266 526
281 532
297 528
318 539
337 556
318 577
297 586
280 588
263 584
244 572
241 550
266 544
281 546
297 546
325 555
296 559
280 559
265 557
