139 395
142 437
149 478
157 519
172 559
193 596
222 628
255 652
291 660
329 652
364 630
394 598
415 560
428 518
434 474
440 429
440 383
155 356
172 334
200 327
228 330
256 338
297 334
327 322
357 317
388 325
409 348
279 378
279 404
280 431
280 459
256 486
269 490
282 493
297 490
310 486
187 386
203 370
226 370
244 392
225 397
202 396
321 388
339 366
362 364
380 379
365 391
342 392
239 554
250 531
269 520
283 524
298 521
321 532
337 555
323 585
302 598
285 599
268 596
250 582
248 553
270 537
284 538
299 538
328 554
299 573
284 575
269 572
