120 380
122 423
128 465
135 506
150 543
175 574
206 599
242 619
279 624
316 618
346 596
373 569
394 536
407 498
412 457
418 415
418 373
149 362
172 348
201 347
229 352
256 361
300 353
326 342
353 335
380 338
399 355
281 383
282 413
283 443
284 474
251 486
267 491
283 496
298 491
312 486
182 385
200 379
218 380
236 391
218 391
199 390
319 388
335 376
353 374
370 380
356 385
338 387
222 533
244 522
265 519
281 524
298 520
316 524
333 532
316 547
298 554
281 556
264 554
243 545
232 532
265 534
282 536
298 534
324 533
297 534
281 535
265 533
