137 383
141 425
148 464
154 504
168 542
192 575
223 603
258 628
295 636
334 627
371 603
401 574
426 538
439 497
441 453
444 408
443 362
145 362
164 343
191 339
219 344
244 355
301 346
328 328
359 319
391 323
414 343
276 378
277 407
277 436
277 466
250 479
265 484
282 489
299 482
316 476
181 386
200 380
219 380
239 390
218 392
199 391
323 385
341 372
360 368
381 372
364 380
344 383
214 513
239 508
265 508
285 511
305 507
335 506
368 505
339 542
310 559
288 562
266 559
240 544
223 515
265 516
286 519
306 515
358 509
308 541
287 544
266 541
