136 395
140 437
149 477
155 517
166 553
187 585
219 610
256 629
296 635
337 628
375 608
407 581
428 547
438 507
441 465
444 421
444 377
150 361
168 341
195 336
223 341
250 351
305 342
333 326
363 318
395 324
417 343
280 378
281 404
281 430
282 458
258 482
271 487
285 490
300 486
315 481
186 391
203 381
222 381
242 394
223 397
202 397
327 387
344 373
365 370
383 378
368 387
347 388
233 539
253 526
272 518
288 523
303 518
324 525
349 536
326 551
306 557
289 559
272 557
254 551
243 539
273 535
288 537
304 535
339 536
304 535
288 537
272 535
