136 393
141 433
148 470
155 509
168 545
191 577
220 604
255 625
293 631
332 624
368 603
398 576
420 542
431 503
434 461
437 418
436 374
151 358
166 340
192 333
218 337
244 345
297 338
323 324
352 317
381 321
405 339
274 378
274 407
275 435
275 465
251 484
264 488
279 493
294 488
309 483
183 388
198 378
218 378
236 390
218 393
199 393
319 385
336 371
356 367
374 375
358 383
339 385
227 530
245 522
264 518
281 522
297 518
321 522
346 531
324 548
301 556
284 558
266 556
246 547
237 532
265 533
282 535
298 534
335 532
299 536
283 537
265 535
