131 365
136 407
144 447
151 486
162 524
182 558
209 587
242 610
279 617
317 612
350 592
378 565
399 531
412 494
422 456
431 415
436 372
159 365
179 351
203 344
231 341
256 348
311 348
336 340
364 342
389 350
408 365
282 382
282 412
281 441
280 472
253 489
266 493
281 496
296 493
310 490
189 383
207 374
227 374
246 390
226 392
205 391
319 391
338 375
358 374
377 384
360 393
338 393
227 537
247 530
267 525
282 529
296 526
315 531
335 539
315 553
295 558
280 560
264 558
245 551
236 537
266 537
281 539
296 538
326 539
295 538
281 539
266 537
