128 363
132 405
136 446
140 487
152 525
174 561
202 593
236 623
276 633
318 627
353 601
382 568
406 532
419 494
426 453
431 411
434 369
156 352
175 335
201 330
227 336
250 348
318 348
341 337
366 333
391 338
408 355
283 381
282 407
281 433
281 459
249 472
263 478
279 484
296 479
313 475
190 381
207 371
227 373
244 388
224 392
204 390
320 391
337 376
357 375
374 386
359 394
338 395
203 506
231 501
259 502
280 506
301 504
329 506
357 512
329 549
300 564
278 566
255 562
228 544
212 510
258 514
280 518
300 516
347 516
300 543
279 545
257 540
