122 377
128 419
137 459
144 499
155 539
176 574
206 603
243 626
285 633
326 627
360 604
388 573
406 535
416 495
422 455
428 413
431 371
149 363
170 347
196 341
224 344
250 353
307 353
332 342
359 338
386 343
407 359
279 381
280 406
280 431
280 457
253 483
266 485
280 488
294 485
307 483
184 386
201 375
222 375
240 390
221 396
199 396
317 390
334 374
356 373
373 384
358 394
336 395
228 541
249 531
268 524
283 529
296 525
315 531
337 540
316 557
297 564
283 565
267 564
249 557
238 542
268 539
283 541
296 539
326 541
296 541
283 543
268 541
