127 369
132 411
138 452
145 491
158 528
180 562
209 589
243 612
283 618
323 612
357 589
385 560
404 526
415 488
422 450
427 410
430 369
159 367
180 356
206 354
232 358
256 366
307 365
330 358
355 354
380 358
400 369
281 386
280 412
280 438
280 465
252 479
265 484
281 487
297 484
311 479
191 385
208 380
225 379
241 388
224 388
207 388
320 388
336 380
352 380
370 386
353 388
336 388
230 532
246 519
267 512
284 517
300 512
319 518
334 530
319 547
301 556
284 558
266 557
246 548
239 531
267 529
284 531
300 529
324 530
300 534
284 537
267 534
