126 381
130 422
139 463
149 503
162 543
180 579
208 610
242 631
282 638
323 631
355 605
379 571
396 532
409 493
417 454
423 414
423 373
154 350
172 330
199 322
226 329
253 340
304 343
328 332
354 323
380 327
399 346
279 377
280 401
281 424
282 449
256 477
269 480
282 482
295 480
307 476
186 381
202 364
226 364
243 385
224 393
200 392
314 385
331 364
354 363
370 379
356 391
332 392
233 542
250 526
271 515
284 519
297 515
316 524
333 540
317 564
298 574
284 575
269 574
249 565
244 542
270 534
284 534
296 534
322 541
297 547
284 548
270 547
