122 368
128 413
138 456
147 498
162 537
184 573
213 604
247 626
283 633
319 626
350 602
378 571
400 535
414 496
423 456
431 414
434 370
153 369
177 358
206 357
234 364
261 372
298 369
324 363
352 357
379 357
403 367
281 383
281 410
281 437
282 464
253 487
266 491
282 493
297 491
310 486
189 385
206 379
224 378
240 387
223 389
205 390
320 386
336 377
353 377
370 383
353 388
335 387
239 548
257 542
274 536
284 540
292 535
309 540
327 546
310 562
294 569
284 571
274 570
257 563
248 548
273 548
284 549
293 546
318 546
294 549
285 552
274 550
