129 387
134 430
143 471
154 513
168 554
186 594
213 628
246 654
283 662
320 654
351 628
375 592
392 552
406 511
416 468
423 425
424 382
160 355
175 335
200 325
226 326
250 336
314 337
336 326
361 324
384 333
399 352
282 378
282 402
283 426
283 450
258 479
270 483
283 485
295 483
306 479
189 385
206 369
228 369
245 389
227 395
204 395
316 389
334 369
356 368
371 384
357 395
335 395
240 556
252 531
272 519
285 523
297 520
317 531
328 557
317 590
299 604
284 606
269 604
250 589
250 556
272 537
285 536
297 537
318 557
297 577
284 579
271 576
