121 373
129 419
140 460
149 500
165 537
189 571
218 601
251 624
287 630
322 621
351 596
376 566
396 530
407 492
415 451
422 408
426 362
144 362
168 350
195 346
224 346
253 350
304 344
328 335
355 334
381 335
405 345
277 378
278 409
279 440
280 472
251 487
265 494
281 499
296 492
311 485
175 386
193 373
216 374
235 390
214 395
192 395
318 387
336 367
358 365
376 376
361 388
340 390
227 542
244 529
266 523
282 528
300 523
322 528
340 540
323 567
302 578
283 581
266 578
244 568
237 543
266 537
282 538
300 536
330 542
300 554
283 557
266 555
