124 371
128 418
136 462
145 505
160 547
180 584
207 617
239 641
273 651
310 644
343 621
372 589
393 552
407 511
417 468
427 426
431 380
149 334
169 315
197 308
226 314
253 328
318 329
342 316
370 311
397 319
415 340
283 375
283 403
282 431
281 459
253 483
266 489
281 493
296 489
309 484
179 379
197 365
221 366
241 387
218 393
193 392
322 389
342 369
366 368
383 383
368 396
344 396
225 550
242 531
266 522
281 527
295 523
318 534
335 553
318 586
295 600
279 601
261 598
239 583
235 550
265 541
280 543
295 542
325 554
295 572
280 573
264 570
