112 377
119 423
130 466
139 507
155 546
178 581
211 609
247 629
285 635
323 627
356 604
382 573
400 536
410 496
416 455
425 412
428 366
141 366
165 352
193 347
223 345
254 349
302 346
329 338
357 338
384 341
407 353
279 379
280 410
281 440
282 471
251 490
266 496
282 500
298 496
312 489
175 390
193 379
214 378
234 392
214 397
192 397
319 389
338 373
358 371
377 380
361 390
340 391
227 552
244 536
265 529
283 534
299 529
320 536
339 550
321 567
301 574
284 576
266 574
245 567
237 550
265 547
283 549
299 547
329 549
299 548
283 550
266 548
