123 374
128 421
137 464
146 506
161 545
184 582
213 612
246 634
283 641
318 632
349 608
376 577
397 540
410 500
419 458
427 415
431 369
145 364
168 351
196 350
224 355
250 365
309 365
334 355
360 349
387 348
410 359
281 383
282 413
282 441
282 471
251 482
266 489
282 495
300 489
315 481
179 386
198 377
218 377
238 390
217 392
196 392
322 389
341 376
361 375
380 382
363 390
343 391
225 536
240 520
264 514
284 520
303 515
326 520
344 532
327 566
304 584
283 587
262 584
239 568
233 537
264 529
284 531
303 529
335 534
303 557
283 561
263 558
