115 379
121 424
131 467
139 509
151 549
173 585
204 614
239 636
280 643
320 636
356 614
385 584
406 547
417 507
424 465
433 422
436 377
140 354
162 337
193 333
222 339
250 351
307 350
334 338
363 332
392 334
414 351
280 379
281 407
281 435
282 465
252 488
266 493
282 497
298 493
312 488
175 386
193 375
215 375
236 391
214 396
191 396
323 390
342 375
365 373
383 385
367 395
344 395
222 550
244 537
266 528
283 534
298 529
319 537
340 550
320 568
299 575
282 577
265 575
243 568
233 550
266 547
283 549
298 548
330 550
298 547
282 548
266 547
