120 349
125 396
135 439
143 482
159 522
184 557
213 587
244 611
279 619
315 613
345 589
371 559
394 524
409 485
419 443
429 397
433 350
143 360
172 353
202 357
231 365
260 375
301 371
328 361
356 352
385 347
413 353
281 387
282 417
282 448
282 479
249 491
265 497
282 502
300 497
315 490
177 381
197 375
218 376
238 389
216 393
195 393
322 387
341 373
362 371
382 377
365 390
343 391
228 538
248 535
267 533
282 537
296 532
315 534
337 536
316 554
297 562
282 564
268 562
248 554
237 539
267 542
282 544
296 541
328 538
296 542
283 545
268 542
