123 383
127 425
133 466
139 507
154 546
180 580
213 607
249 629
288 636
326 624
358 599
387 570
410 537
422 499
425 457
428 415
429 373
142 360
162 343
191 338
219 343
246 354
306 353
330 339
357 333
385 335
408 350
277 378
278 408
279 437
279 467
246 479
263 485
280 490
298 484
314 476
177 389
195 378
215 379
234 392
214 395
194 395
318 390
337 376
357 374
374 382
359 390
339 391
209 523
234 510
261 507
282 510
304 505
331 507
356 515
334 550
307 567
284 571
262 569
234 554
218 524
261 522
283 523
304 520
347 518
305 544
283 548
261 546
