120 355
125 404
135 452
144 497
159 541
182 583
212 618
246 643
285 650
324 644
359 619
387 585
410 546
426 504
435 459
446 414
451 367
143 355
171 346
200 349
229 358
257 368
315 368
345 359
373 352
403 349
431 358
286 389
286 420
285 451
284 483
251 498
267 504
284 508
300 505
314 500
178 384
198 374
222 375
241 392
220 397
196 396
332 394
353 378
376 377
395 387
379 399
355 399
226 553
246 542
266 536
280 541
295 536
318 545
338 556
318 573
296 580
280 580
266 578
246 569
235 553
266 553
280 555
295 554
329 556
296 556
280 556
267 554
