122 380
126 424
134 467
143 510
157 552
180 589
213 617
250 639
291 643
331 635
365 612
393 583
412 546
421 505
427 463
434 422
437 379
142 356
164 337
195 335
226 342
256 352
308 349
339 339
370 333
400 336
422 356
283 381
283 409
283 437
283 467
254 491
268 495
284 498
299 495
312 491
176 385
194 372
218 373
238 392
216 398
192 397
326 392
345 374
369 373
388 386
372 398
348 398
228 555
248 540
269 530
284 534
298 529
320 538
342 551
323 567
302 573
287 574
271 573
249 567
238 554
269 549
284 549
299 548
332 551
300 549
286 550
271 549
