96 402
103 447
111 489
119 533
134 574
159 611
195 641
236 662
284 669
331 662
370 639
400 607
418 568
426 526
431 483
435 443
434 401
132 362
151 336
183 325
216 328
248 339
313 338
343 326
374 324
404 334
421 359
284 374
285 402
286 429
286 457
245 482
265 486
285 491
304 487
321 483
170 388
189 374
212 375
233 391
212 395
189 395
325 392
347 375
370 375
389 389
372 396
348 396
193 538
226 523
260 516
280 519
301 516
332 526
361 541
334 574
303 586
281 587
259 585
224 571
202 540
261 528
281 530
301 529
350 542
301 566
280 567
259 565
