115 384
117 430
123 474
130 517
146 558
170 594
202 621
239 641
279 647
318 642
352 624
379 596
394 558
401 517
410 477
419 436
419 395
144 358
167 342
198 340
229 347
258 359
306 359
335 350
363 345
391 348
412 363
283 381
283 407
283 433
283 461
247 481
264 486
282 491
299 488
314 482
177 385
196 374
216 374
236 388
216 391
195 391
325 389
345 376
365 377
382 389
366 394
345 393
223 551
242 529
265 518
280 522
297 518
318 530
333 553
318 563
298 566
281 566
265 565
243 562
233 549
265 539
280 540
296 539
322 551
297 542
281 543
265 541
