112 377
118 424
127 469
135 514
148 557
172 596
206 626
244 649
288 656
331 649
367 626
396 597
416 560
427 519
435 477
443 434
448 390
138 351
162 331
194 327
226 334
257 347
317 346
349 335
381 331
412 338
431 360
288 378
288 406
288 435
288 464
255 491
270 495
286 498
302 496
315 493
175 382
195 369
219 371
240 390
218 395
193 395
332 392
354 375
378 375
397 389
380 400
355 400
224 556
246 541
269 531
282 535
297 532
320 543
342 557
321 573
299 579
284 580
269 578
246 571
233 555
269 552
282 553
297 552
331 556
298 552
283 554
270 552
