109 392
117 439
127 483
136 527
150 570
172 610
204 643
243 669
289 677
334 668
371 643
399 610
417 571
428 529
435 485
443 442
447 396
134 342
154 317
187 311
220 319
250 334
317 331
349 317
381 310
413 320
431 347
285 375
285 402
284 430
284 458
253 489
268 493
283 497
298 495
311 492
170 382
189 364
217 366
237 390
215 397
187 397
329 392
352 368
379 367
397 387
382 401
354 401
224 566
243 542
267 529
280 533
295 530
321 546
340 570
322 596
298 606
281 607
266 604
242 591
235 565
267 550
281 551
296 551
328 568
296 578
281 578
266 576
