121 397
129 442
139 483
147 525
159 565
179 602
210 632
247 656
290 664
334 656
372 632
402 601
418 563
428 522
435 480
441 437
445 393
137 357
154 330
185 322
218 328
248 342
308 340
341 326
374 322
406 331
425 356
280 375
280 401
280 427
280 455
253 483
267 487
282 491
296 488
309 485
173 385
190 364
217 365
237 391
216 398
189 398
326 392
348 366
375 365
393 386
378 399
350 399
231 560
246 534
267 522
280 525
295 522
320 537
339 563
322 587
299 596
283 597
267 594
246 583
242 558
268 541
281 542
296 542
326 561
297 571
281 571
267 570
