125 372
129 416
138 458
148 498
162 537
181 572
210 600
243 621
283 627
323 621
358 599
387 572
407 536
420 498
429 458
438 417
441 375
151 350
173 335
202 333
231 340
259 352
305 354
333 342
362 334
392 337
414 355
281 381
281 409
280 437
280 465
253 484
267 488
281 491
295 488
308 485
185 383
202 373
224 374
242 391
222 396
200 395
323 392
342 376
363 374
380 386
365 397
343 398
228 540
249 529
268 522
283 526
296 522
316 528
336 539
317 553
298 558
283 559
267 558
249 553
238 540
268 536
283 538
297 536
327 539
297 538
283 539
268 537
