124 374
129 418
139 460
148 500
162 538
184 572
212 598
246 619
285 623
325 616
359 594
388 567
406 532
418 495
426 456
435 415
438 373
148 356
167 335
196 327
227 328
256 337
299 340
329 331
361 331
390 339
412 359
278 378
278 409
278 439
279 469
250 486
264 490
280 494
296 490
311 484
182 383
200 372
221 373
240 391
219 395
197 394
321 392
340 374
361 372
379 385
363 395
341 396
228 538
246 526
265 520
283 523
299 519
320 522
340 532
322 545
302 551
285 553
267 553
247 549
237 537
266 534
284 536
300 533
332 532
301 532
285 535
267 534
