130 374
135 417
145 459
153 498
165 537
185 572
213 600
247 621
287 626
326 619
361 598
391 570
411 535
423 497
431 457
440 416
444 373
149 353
168 332
197 326
227 328
256 337
300 339
331 334
362 333
391 338
414 356
279 376
279 406
279 435
279 466
251 482
265 486
281 490
296 486
311 480
183 379
201 364
224 366
242 388
221 392
198 391
321 389
340 368
363 366
381 380
365 393
342 394
224 531
244 520
266 514
284 518
300 513
323 517
345 528
326 551
303 561
285 564
267 563
245 554
234 533
266 525
284 526
301 524
336 530
302 543
285 545
267 544
