132 370
136 414
146 454
154 494
167 532
188 566
217 595
249 618
287 626
326 619
361 597
393 569
414 534
427 495
436 455
445 412
448 368
151 364
175 349
205 348
235 351
265 358
296 357
327 352
359 351
389 353
415 368
281 382
280 411
279 440
279 470
248 476
263 482
280 488
299 483
316 477
188 381
206 373
226 374
244 388
224 390
204 389
324 390
342 377
361 376
380 385
363 393
343 393
227 515
243 504
264 501
284 505
303 501
328 504
348 518
330 547
306 561
285 564
264 560
243 545
235 517
264 513
284 516
303 513
341 519
305 541
285 544
264 540
