122 368
126 412
134 455
144 496
158 535
181 570
211 599
244 622
281 629
319 620
352 596
383 568
405 533
420 495
428 455
436 413
440 371
150 359
176 348
207 350
237 359
266 369
297 370
327 360
357 353
387 351
413 363
282 387
282 414
281 441
281 469
253 486
266 491
281 494
295 492
309 487
186 384
204 375
224 376
242 390
222 393
202 393
322 391
339 378
359 377
377 386
360 394
340 394
230 539
251 532
269 527
282 531
294 527
311 531
330 538
311 551
295 559
282 560
269 559
251 552
240 540
269 540
282 541
294 539
321 539
294 540
282 542
269 540
