122 373
125 419
134 463
147 507
164 549
183 590
210 624
242 651
280 660
320 651
355 624
383 589
402 548
418 506
429 463
439 419
441 373
149 342
169 323
198 320
226 329
252 341
308 345
334 332
363 322
392 326
413 345
281 380
281 407
281 436
281 464
253 484
266 489
281 492
295 489
308 484
181 380
199 364
222 366
241 389
219 395
196 393
322 390
341 368
365 366
382 382
367 395
343 397
225 546
243 528
266 520
282 523
297 520
319 528
336 547
320 582
298 597
280 600
262 597
241 582
234 547
266 533
282 534
297 533
326 548
297 574
281 576
264 574
