128 372
130 414
137 456
144 497
158 536
182 571
211 601
245 627
284 634
323 626
359 600
390 570
413 535
426 496
432 455
439 413
442 370
150 356
172 341
200 339
228 346
255 358
304 361
331 348
360 340
391 342
415 360
279 386
279 415
279 444
278 474
248 484
263 488
280 493
297 488
313 483
184 384
202 375
222 377
241 394
220 396
199 394
322 395
340 378
361 375
380 385
363 395
342 397
205 513
234 511
261 511
282 514
300 511
330 510
360 512
332 547
303 562
282 565
260 562
233 547
215 517
261 519
282 522
300 519
352 515
302 545
282 548
261 545
