118 411
124 450
132 488
141 526
155 561
177 592
208 617
245 636
286 642
326 633
360 613
389 586
407 552
417 515
423 477
428 439
430 399
147 349
163 325
190 312
219 315
245 327
307 327
331 313
358 307
386 316
404 338
276 373
277 398
277 422
278 447
254 477
267 481
281 483
294 479
308 475
178 390
195 374
219 373
239 391
218 397
195 398
318 387
337 368
361 367
379 382
363 391
339 391
234 546
249 521
270 506
285 510
298 505
319 517
336 542
321 566
302 578
287 581
270 579
250 569
245 545
270 529
285 529
299 528
324 542
299 550
286 552
271 551
