116 390
121 432
129 473
139 513
154 551
179 585
212 612
248 631
287 636
323 627
356 606
385 578
407 542
419 504
427 464
434 424
437 383
142 359
162 340
192 334
222 341
251 353
309 351
334 336
363 326
393 329
415 347
280 386
280 416
281 446
281 477
254 497
267 502
282 505
298 500
311 494
176 392
195 379
218 380
239 397
216 402
193 402
322 393
341 375
365 373
385 384
368 396
344 397
230 554
249 539
270 529
285 533
300 528
320 534
341 546
323 564
304 574
287 577
270 576
250 569
240 554
270 548
286 549
301 547
330 547
302 549
286 552
270 551
