112 378
118 422
127 464
139 505
156 545
182 580
215 607
249 628
285 634
321 626
353 604
382 575
406 539
421 499
432 458
440 416
444 371
142 368
165 352
197 350
227 360
256 370
302 367
330 354
361 342
394 341
420 357
279 387
279 421
279 455
279 490
250 503
265 509
281 514
298 508
314 501
176 389
196 380
218 379
238 393
216 396
194 396
324 389
343 374
366 372
386 380
368 390
346 391
232 553
251 545
270 540
284 545
298 540
315 543
334 549
316 565
299 575
284 578
269 576
251 566
242 554
270 553
284 555
298 553
324 551
297 552
284 555
270 553
