122 387
128 429
136 468
145 507
160 544
185 577
216 603
254 623
293 628
332 620
367 598
396 570
418 534
430 496
438 456
443 415
445 371
147 371
167 353
197 350
226 359
253 371
306 368
331 352
358 339
389 337
416 351
279 383
280 415
280 447
281 479
251 485
266 492
284 498
302 490
319 481
179 391
198 381
220 381
240 394
219 396
197 397
324 388
344 373
366 371
386 380
368 387
346 388
230 533
246 517
268 510
288 513
307 507
331 510
351 528
334 550
312 565
291 568
269 567
248 554
240 534
268 528
289 529
308 526
342 529
309 539
290 542
269 540
