123 381
125 422
130 460
137 500
150 536
172 570
201 599
237 622
277 631
318 626
355 606
387 579
412 546
425 508
433 468
439 429
444 388
144 351
166 332
196 327
225 335
252 349
311 352
338 339
369 333
399 342
421 363
281 378
281 410
281 443
281 475
244 485
261 492
279 499
298 493
316 487
176 382
196 373
217 375
238 388
215 388
194 387
322 391
344 379
366 379
386 388
366 392
344 392
200 513
229 511
257 511
279 516
299 512
327 514
357 516
326 541
298 554
277 557
254 553
227 538
211 517
256 528
279 531
299 529
345 519
298 531
278 533
255 529
