125 395
130 434
137 471
144 508
157 544
181 575
213 599
249 618
288 623
326 615
357 594
385 568
406 535
416 500
423 463
427 425
429 386
154 370
173 353
200 344
229 345
258 349
298 345
324 337
352 335
380 340
402 355
277 378
278 407
278 436
279 466
252 485
266 490
282 494
297 488
312 481
182 392
199 379
221 378
241 392
220 396
199 398
318 387
337 372
359 370
377 382
360 389
338 389
233 540
249 523
269 513
286 517
301 511
322 517
340 532
324 552
305 563
288 566
271 565
251 557
243 539
269 532
286 532
302 529
330 533
303 538
288 541
271 540
