120 402
126 443
134 482
145 521
159 559
182 592
215 620
250 640
290 644
330 636
367 617
400 590
424 556
437 518
445 477
451 437
454 395
144 361
163 341
193 333
223 336
254 345
303 343
332 332
364 327
396 333
422 351
278 380
277 412
276 445
276 477
249 500
264 505
280 509
297 504
313 497
175 392
194 379
218 379
240 396
217 402
193 402
326 392
346 374
371 372
392 385
374 396
349 396
228 561
247 545
268 534
284 538
299 533
321 541
344 554
323 570
302 580
286 583
269 582
248 575
239 561
268 554
284 554
300 552
332 555
300 554
285 557
268 556
