114 374
122 421
134 467
145 509
162 550
187 586
219 617
254 641
295 647
333 635
367 607
398 574
419 535
432 492
439 448
446 404
448 358
136 361
163 348
194 349
224 355
253 365
302 362
330 351
360 343
390 340
419 347
277 386
278 415
280 444
281 474
249 488
265 493
282 497
300 492
316 484
172 389
192 379
215 379
237 394
215 398
191 399
320 391
341 373
363 371
384 380
367 391
344 393
229 544
249 529
269 520
285 523
301 518
322 523
343 537
324 558
304 572
287 575
271 574
251 564
240 544
270 534
286 534
302 532
332 537
302 547
286 550
270 550
