120 389
125 431
134 472
143 513
156 552
179 587
211 616
247 638
286 645
325 636
359 611
389 583
410 548
422 509
431 468
437 427
440 384
144 355
164 336
191 328
222 325
250 332
307 330
334 321
363 321
390 330
410 347
277 373
277 399
278 424
279 450
251 474
265 479
281 482
296 478
311 472
178 385
196 371
219 371
240 388
218 392
195 392
317 387
337 368
359 366
377 379
360 388
338 389
215 531
239 514
265 505
283 508
299 503
325 510
348 527
327 555
302 568
284 571
265 569
240 558
226 532
265 521
283 521
299 519
338 528
300 546
284 549
266 548
