117 382
124 429
136 474
149 517
167 559
189 600
219 638
254 669
292 678
331 667
368 637
400 600
422 556
437 511
446 464
454 416
457 367
138 349
155 326
184 315
215 315
241 327
315 322
342 309
372 307
401 317
422 337
278 376
279 405
279 434
280 463
253 488
267 494
282 496
297 492
311 487
175 389
195 374
219 374
240 392
219 400
193 400
322 389
344 369
368 367
387 381
371 394
346 395
233 561
250 541
270 530
283 533
298 529
323 539
344 558
325 594
303 609
285 611
270 609
250 595
244 561
270 547
284 547
299 546
333 559
300 581
285 583
270 581
