138 395
137 435
142 473
149 511
162 546
182 579
213 604
249 621
290 625
330 618
366 598
397 573
416 540
428 503
434 464
439 425
438 386
152 359
172 342
200 337
229 337
256 345
310 343
337 331
367 329
396 335
418 352
281 378
282 406
282 434
283 463
253 482
267 487
284 491
301 486
316 479
182 387
200 376
221 376
244 391
221 394
199 395
323 388
344 372
365 371
384 381
366 390
344 390
225 536
248 525
269 517
285 521
299 516
322 521
348 532
323 544
302 550
286 552
270 551
250 546
235 535
269 532
285 533
300 530
338 532
300 531
286 533
270 532
