115 388
121 429
131 469
142 509
155 547
177 580
209 606
245 624
285 631
324 622
358 602
388 576
408 542
418 504
426 465
433 425
436 383
141 350
160 329
188 320
219 322
246 335
314 334
339 320
368 318
396 327
414 347
280 375
280 401
281 426
281 452
253 477
267 482
282 485
297 482
310 477
178 386
196 374
218 374
240 389
218 395
195 395
318 388
339 373
360 373
378 383
362 393
339 393
225 537
247 525
268 518
283 522
297 517
317 523
340 534
317 546
298 552
283 554
268 553
248 547
234 536
268 532
283 533
297 531
330 533
297 532
283 534
268 533
