117 387
122 432
130 475
140 517
157 555
183 590
216 620
251 646
289 652
326 641
360 613
391 583
415 548
429 510
436 469
442 428
446 385
138 354
158 333
187 326
218 328
245 343
313 342
339 328
369 324
399 331
420 350
279 374
278 402
279 429
279 457
247 471
263 477
279 482
297 477
312 471
177 383
197 376
215 377
235 387
215 386
196 386
320 387
341 376
359 376
380 382
361 385
342 386
204 519
232 506
260 501
281 504
303 500
335 504
364 514
337 550
307 567
283 570
261 568
232 552
214 521
261 516
282 517
304 514
354 517
305 546
283 549
262 547
