108 374
115 419
125 460
135 501
149 540
172 576
204 604
242 625
283 631
323 622
357 599
386 570
404 534
414 493
421 451
428 408
431 364
142 360
165 348
193 347
220 350
247 358
308 353
333 341
361 335
388 336
410 350
277 378
278 406
279 434
280 463
249 473
264 479
282 484
298 478
313 471
177 387
196 381
214 381
234 388
214 389
196 389
319 385
337 374
356 373
375 377
357 382
339 383
219 527
237 508
261 501
282 504
302 500
325 504
342 523
327 548
305 561
284 564
261 562
237 550
229 526
261 516
283 517
303 515
332 524
303 539
283 541
262 539
