131 354
134 399
141 443
148 486
161 525
184 560
214 588
246 611
284 619
323 614
358 591
388 564
411 530
425 491
434 449
443 404
447 359
151 360
173 348
201 348
229 353
255 364
315 366
341 357
369 354
397 356
419 368
285 387
284 417
284 447
284 479
251 489
267 494
283 498
300 495
317 490
186 378
205 373
225 375
243 390
222 389
202 387
326 391
345 377
365 376
385 383
367 390
347 391
224 531
243 522
264 519
284 524
303 520
326 523
349 528
326 547
303 556
284 558
263 556
242 546
234 532
264 532
283 535
303 532
339 530
303 535
284 537
264 534
