118 371
120 416
128 461
136 504
148 545
170 582
201 610
236 631
277 639
320 633
357 610
390 583
414 547
428 504
436 461
443 416
445 371
145 353
166 337
194 334
222 340
248 353
318 355
343 342
372 335
400 339
421 355
283 384
283 411
283 438
283 467
252 489
267 494
282 498
298 495
312 491
181 382
199 373
220 374
238 390
218 394
196 392
326 391
344 375
365 373
383 383
367 393
345 395
225 551
246 538
266 528
282 534
297 529
317 539
339 553
317 565
297 569
280 570
264 568
244 563
235 551
265 544
281 546
296 545
329 552
296 546
281 546
265 545
