122 363
123 409
127 455
132 500
144 542
169 579
201 610
238 637
278 646
319 638
357 612
391 581
418 545
432 502
439 457
443 411
446 365
143 355
163 338
191 336
220 343
245 357
317 358
343 344
371 337
400 339
421 356
282 381
282 408
282 434
282 462
247 478
263 483
281 488
299 483
316 479
180 381
199 374
218 376
237 389
216 389
197 387
326 389
344 377
364 375
383 382
365 388
346 389
199 518
230 513
260 510
281 514
302 511
331 514
361 520
332 557
302 573
280 576
256 573
226 556
210 522
259 522
281 524
302 522
351 523
302 553
280 555
258 552
