105 362
108 408
115 453
123 497
137 539
162 576
195 606
231 628
271 636
312 632
347 610
378 582
403 547
419 504
429 460
438 414
444 368
143 357
171 350
201 354
230 361
259 370
313 371
340 363
367 356
396 353
421 361
285 388
285 416
286 443
286 472
250 491
266 496
283 499
299 497
315 493
180 380
200 374
220 375
238 389
218 390
197 389
326 390
344 377
364 375
384 382
366 390
345 391
221 545
244 538
265 532
280 537
294 533
313 541
334 550
312 563
292 568
278 568
263 566
243 560
230 546
264 546
279 549
293 548
326 550
293 548
279 548
264 546
