118 367
121 412
127 457
134 500
146 542
169 577
202 606
239 628
279 635
319 629
355 607
388 579
411 544
425 503
432 460
439 415
442 371
142 352
163 335
192 334
221 343
247 358
315 362
341 347
370 338
400 339
421 355
283 384
284 411
284 438
284 467
252 489
267 493
283 496
299 493
314 490
180 382
197 372
219 373
238 391
216 394
194 392
325 391
343 374
365 372
383 382
367 393
345 394
221 545
245 536
266 528
282 533
297 529
317 537
341 546
317 563
297 569
281 569
264 568
244 561
232 546
266 543
282 545
296 544
330 547
296 545
281 546
266 544
