121 372
125 416
132 459
139 502
152 542
174 577
206 605
240 627
279 634
318 627
353 606
384 579
408 544
422 504
430 461
438 417
442 373
149 360
170 345
197 341
226 343
253 353
314 354
340 344
367 343
394 346
415 359
283 383
283 410
284 437
284 466
251 486
266 490
283 494
299 491
315 486
183 383
201 373
222 374
240 390
220 393
199 392
324 389
342 373
363 371
381 381
364 390
343 391
221 543
243 533
265 526
282 530
297 526
318 534
339 546
318 566
296 574
280 575
262 574
241 565
232 545
265 537
281 538
296 538
329 546
296 553
280 554
264 552
