122 368
126 413
132 456
140 500
154 541
177 578
207 608
241 633
280 641
319 633
353 608
383 577
406 540
421 498
431 455
437 411
440 365
151 345
169 327
194 320
222 324
245 339
321 341
344 326
371 318
397 323
414 342
284 379
284 404
284 430
285 456
255 481
269 486
284 490
298 487
311 483
184 380
201 367
223 368
241 387
221 393
198 392
323 387
341 368
363 367
381 379
366 392
343 393
232 551
247 531
268 520
282 524
295 520
314 532
331 552
314 575
296 585
281 586
265 584
246 574
242 549
268 535
282 535
294 536
319 551
295 559
281 561
267 559
