128 371
128 415
131 457
134 500
144 541
167 576
198 605
232 630
271 641
312 633
350 609
384 581
410 548
424 509
430 467
436 424
441 379
161 348
183 337
209 338
234 345
256 358
309 360
332 348
358 343
385 345
408 357
281 380
279 406
278 431
276 458
247 473
260 479
276 484
292 480
308 475
190 380
208 372
226 374
244 387
224 388
206 387
319 389
337 377
356 376
374 384
357 391
338 391
200 507
227 504
254 504
274 509
293 505
321 508
350 512
321 547
292 560
272 562
251 558
224 542
209 510
254 514
273 517
292 515
340 515
292 541
272 542
252 539
