117 369
119 414
124 457
131 500
144 540
169 577
202 607
238 630
278 637
318 630
354 607
387 580
411 544
425 504
434 462
440 417
442 372
157 360
183 353
210 355
237 361
263 369
303 368
329 362
356 358
382 358
407 364
282 388
282 414
281 440
281 467
251 487
265 492
280 495
295 492
310 488
186 384
205 378
224 379
242 391
222 394
203 393
321 392
339 380
359 380
377 386
360 394
340 395
227 545
247 534
265 527
278 531
291 527
309 534
329 544
310 557
293 562
279 564
265 562
247 556
237 545
265 541
278 542
291 541
320 544
292 541
279 543
266 541
