124 366
125 408
129 447
133 487
145 525
167 558
198 586
236 608
279 615
321 608
357 587
387 559
409 526
421 492
427 456
431 417
433 377
158 353
183 343
211 344
238 351
261 362
311 364
334 354
361 348
387 348
410 360
285 384
284 410
284 436
284 464
251 473
266 479
282 484
299 480
314 474
188 380
207 377
226 378
244 388
224 388
206 386
324 390
343 382
361 381
380 385
362 390
344 391
213 509
236 502
262 501
282 506
301 501
325 504
345 511
325 540
301 551
281 553
260 551
235 540
221 512
261 514
282 517
301 514
337 513
301 530
282 532
261 530
