128 377
129 420
136 463
143 505
155 546
177 583
208 614
244 638
282 646
321 637
356 612
386 582
407 545
420 505
428 464
434 422
437 378
162 354
185 343
212 342
239 346
264 357
304 360
327 350
354 347
380 348
403 358
283 382
282 407
282 432
282 458
254 480
267 485
282 489
296 486
310 481
191 382
208 371
228 373
245 389
226 392
206 391
321 389
338 374
359 373
375 383
360 392
339 393
230 541
246 524
267 515
282 520
297 515
316 524
332 541
317 566
298 577
282 580
265 578
245 566
240 541
267 532
282 534
296 532
321 541
297 551
282 553
266 551
