115 366
116 411
120 453
125 495
135 535
157 571
189 598
228 618
274 625
320 619
360 599
394 573
416 538
427 498
433 457
439 414
442 370
154 360
180 350
209 351
238 355
265 363
301 363
327 354
357 351
386 352
411 363
281 381
281 410
280 441
279 472
244 484
260 491
278 497
296 492
312 485
183 382
203 377
222 377
240 388
220 390
201 389
322 388
341 378
361 377
380 384
361 390
342 390
209 534
231 522
256 518
276 523
295 517
320 522
344 532
320 545
297 553
276 555
255 553
231 546
220 534
255 535
276 537
295 534
334 532
296 530
277 532
256 530
