124 368
124 412
131 456
138 499
150 541
171 581
202 614
238 638
279 647
319 637
354 612
383 580
404 543
416 501
424 460
430 417
432 374
162 332
183 320
209 319
233 329
254 342
317 345
337 332
360 324
384 325
404 338
284 381
284 406
284 431
284 457
255 481
268 486
282 489
296 487
309 482
189 381
206 371
227 372
246 389
225 395
204 393
319 390
338 375
359 374
375 384
361 396
339 397
229 543
246 526
266 517
281 522
294 518
314 527
330 544
314 569
295 579
280 581
264 579
245 568
240 544
266 535
280 536
294 536
319 544
294 553
280 554
266 552
