125 381
128 424
135 466
143 509
155 548
177 584
209 612
246 633
287 638
329 630
366 608
399 581
422 545
434 504
439 461
443 416
445 372
156 348
178 336
204 335
229 344
252 355
308 353
331 341
357 333
383 332
407 343
280 382
280 408
281 435
281 461
256 485
268 489
283 492
297 489
310 485
186 385
202 375
223 376
242 392
222 397
200 396
321 389
339 372
360 370
378 379
363 391
341 393
229 540
249 529
268 521
283 525
296 521
317 527
340 536
319 551
299 557
285 559
269 558
251 553
239 541
268 537
283 538
297 536
331 537
298 537
284 539
269 538
