106 377
108 424
116 471
124 517
138 560
164 598
202 625
244 646
287 653
332 647
376 629
416 603
444 567
460 523
471 476
477 428
481 380
140 343
162 327
190 321
220 327
248 338
318 333
349 321
381 315
412 324
436 343
282 376
282 404
281 432
280 462
248 488
264 493
280 496
297 494
314 492
177 384
195 373
217 373
236 387
217 392
194 392
332 388
353 374
375 374
395 385
377 394
354 394
218 554
243 539
265 531
279 535
294 533
320 543
349 557
320 570
295 575
278 575
263 573
242 566
229 554
264 549
279 551
295 551
338 557
294 550
278 550
264 549
