113 368
115 414
121 458
129 501
144 542
170 578
205 607
243 633
285 642
328 633
369 610
407 582
436 546
454 504
464 458
470 411
472 364
141 361
165 348
194 349
222 357
249 367
311 365
339 354
368 344
400 344
428 354
280 382
279 412
279 442
278 473
244 481
261 489
279 495
300 490
318 482
176 384
196 378
215 379
235 387
215 387
196 388
329 386
350 376
370 375
392 380
372 385
352 386
222 534
238 514
260 509
280 514
302 510
328 518
350 536
329 562
303 574
280 576
258 573
237 559
233 533
260 524
280 527
303 526
339 536
302 547
280 549
259 546
