101 362
105 412
116 460
125 507
142 549
171 585
207 612
245 635
286 643
327 635
367 614
404 587
434 551
453 507
463 459
469 408
472 359
132 358
159 347
190 347
220 354
250 363
307 363
338 352
369 343
401 343
430 353
280 383
280 414
281 445
282 477
247 492
264 497
283 501
302 497
319 492
171 383
192 373
213 374
233 389
212 391
190 391
328 388
348 373
370 372
391 380
372 389
350 391
225 547
248 541
269 537
283 542
299 537
321 540
344 547
322 565
300 572
284 575
269 573
248 565
236 547
269 549
283 551
299 548
335 547
299 548
284 551
269 549
