116 386
116 431
122 475
131 517
146 556
172 590
208 616
247 636
288 643
331 636
373 617
411 591
438 556
453 513
461 468
465 422
466 377
137 355
159 340
187 335
216 340
243 351
311 349
339 336
369 330
398 335
425 348
279 381
279 409
280 437
280 466
247 488
264 494
281 497
299 493
316 489
174 386
193 374
214 374
234 389
214 394
192 395
326 389
346 372
369 372
389 382
371 393
348 394
221 549
246 536
267 527
281 531
297 527
322 536
349 546
323 562
299 568
282 569
267 568
245 562
232 549
267 544
282 545
298 544
338 547
297 543
282 545
267 544
