103 371
105 418
110 465
116 510
132 552
163 588
201 618
242 645
287 653
332 645
374 620
413 590
444 552
461 509
469 462
473 415
474 368
134 357
156 339
185 334
215 340
242 352
318 351
346 338
376 332
407 338
432 353
280 379
280 411
279 443
279 475
242 487
261 493
281 498
302 492
322 486
171 382
193 373
214 374
234 388
213 389
191 388
331 387
352 373
373 372
394 380
375 387
354 388
195 523
228 518
259 518
282 521
307 517
343 518
380 522
345 561
309 579
284 582
259 579
226 562
206 527
260 529
282 532
307 528
369 526
308 556
283 559
259 555
