118 380
117 426
122 471
130 516
145 557
170 594
206 622
245 644
286 651
329 645
371 623
408 595
435 558
451 514
460 469
465 422
466 376
141 340
163 324
190 322
218 329
245 340
321 338
348 325
376 318
405 323
427 340
282 377
282 408
281 438
281 469
247 490
264 496
281 500
299 497
316 492
177 379
196 367
217 369
237 385
216 389
194 389
329 386
350 369
372 369
390 381
374 390
352 390
221 554
243 539
266 531
281 535
298 531
322 540
347 554
323 574
299 582
281 583
264 581
242 572
232 554
266 550
281 552
298 551
335 555
298 555
281 555
265 554
