105 384
107 431
116 477
126 522
142 565
167 604
203 634
244 659
287 667
332 659
375 637
412 608
438 571
454 526
464 479
472 432
475 385
138 342
157 319
185 310
215 316
241 330
320 327
348 312
380 306
410 317
431 339
282 374
281 401
281 428
281 455
249 484
265 489
281 492
298 490
313 487
175 383
193 370
217 370
236 386
216 393
192 394
330 386
350 369
374 370
393 383
376 394
352 394
224 560
243 537
265 525
280 530
296 527
322 540
345 562
323 587
298 596
280 597
263 594
242 583
236 559
265 546
280 547
297 547
332 562
297 566
280 566
265 564
