135 378
139 419
149 458
158 497
169 534
190 568
217 595
249 616
283 623
319 619
354 599
386 573
411 539
426 502
435 462
444 419
449 375
150 358
167 338
195 331
224 337
250 348
313 344
340 333
370 328
400 337
419 358
281 380
281 412
281 444
280 477
249 492
264 497
281 501
298 497
314 492
183 384
201 372
223 374
243 392
221 394
199 393
323 391
343 373
366 371
385 383
368 392
345 393
223 540
244 527
266 522
281 525
297 521
321 526
345 537
323 555
300 563
283 564
267 563
244 555
233 539
266 536
282 538
298 536
336 537
299 541
283 543
267 541
