123 398
129 442
138 483
146 523
157 564
178 598
210 624
248 641
290 644
333 640
372 622
403 597
423 562
434 522
441 482
448 440
452 396
143 362
160 337
191 327
224 330
255 340
307 346
336 335
369 333
400 343
420 365
281 376
281 407
281 438
282 469
247 489
264 494
283 499
302 494
320 489
176 384
194 366
218 368
239 390
217 395
192 394
324 390
343 368
368 368
388 384
370 393
345 394
214 554
238 536
266 528
286 531
305 527
334 535
362 553
335 571
308 577
288 578
267 577
239 572
225 554
266 543
286 544
306 543
351 553
306 558
287 558
267 558
