132 382
136 424
145 463
150 501
160 540
179 572
207 599
239 620
277 627
315 623
351 605
383 582
407 551
421 513
429 472
438 430
445 386
153 369
175 356
203 353
232 358
258 368
305 366
331 356
360 352
388 355
412 367
281 384
281 415
280 445
279 475
247 488
263 494
279 498
297 495
313 490
186 385
204 377
224 376
243 389
223 390
204 390
323 388
342 377
362 377
380 385
362 390
342 390
219 540
238 525
261 518
280 523
298 519
323 528
346 544
323 563
298 570
278 570
259 567
237 558
228 540
261 533
279 535
298 534
336 544
297 549
279 550
260 547
