115 386
120 430
130 474
143 517
157 560
177 603
203 642
238 672
278 681
319 674
357 647
387 611
411 569
427 525
440 480
451 433
458 384
140 352
160 331
190 324
219 331
246 341
318 335
347 322
378 316
409 327
429 350
283 382
282 415
281 448
280 481
245 499
262 506
280 511
298 508
315 501
173 384
192 365
220 367
240 393
218 398
190 398
326 392
347 366
375 364
394 384
378 397
350 398
228 572
242 546
264 535
279 540
296 537
319 550
335 579
320 611
296 625
278 625
261 622
240 605
238 572
264 555
279 556
295 557
324 579
295 596
278 597
263 594
