130 388
136 429
144 467
151 505
163 540
184 570
212 594
248 612
287 615
327 611
362 594
390 571
411 540
421 505
428 467
435 428
440 386
152 369
172 354
198 350
226 352
251 359
311 358
336 349
363 347
389 351
410 365
281 379
282 409
283 439
283 469
250 480
266 486
284 491
301 485
317 478
185 386
203 378
222 378
241 388
222 388
203 388
323 387
341 377
360 377
379 384
360 386
342 386
220 532
238 513
262 507
284 511
306 506
332 512
352 530
333 548
309 555
286 557
263 556
239 550
230 532
262 521
285 523
306 521
343 530
307 537
286 538
263 537
