110 386
115 431
125 474
134 516
147 556
171 591
204 619
244 639
286 645
326 638
364 617
396 591
420 556
433 516
442 475
451 431
458 386
136 365
157 343
188 335
220 341
249 353
317 349
347 335
379 331
411 341
430 365
285 383
284 416
284 447
283 480
245 495
263 502
283 507
302 503
319 497
173 388
193 375
216 376
238 393
216 396
192 396
326 394
350 377
373 376
392 389
375 397
350 397
217 548
240 533
263 527
281 532
300 528
323 536
347 549
324 564
302 571
282 572
263 570
240 561
227 547
263 545
281 546
300 545
337 548
300 547
281 548
264 547
