121 382
125 425
133 467
142 508
155 548
179 585
210 615
246 640
287 647
329 639
368 614
403 584
430 547
445 506
454 462
461 418
466 372
138 358
160 337
191 334
222 340
249 353
316 349
345 335
377 329
409 335
432 354
284 380
284 413
283 446
282 479
245 487
264 494
284 500
305 493
324 486
177 384
198 374
219 375
241 389
218 390
196 389
330 387
352 373
374 372
395 381
375 387
353 388
206 522
232 515
262 513
285 517
308 513
340 513
373 518
342 556
311 573
287 576
263 573
232 556
215 525
262 525
285 528
308 525
362 523
309 551
286 554
263 551
