113 394
115 437
120 480
126 523
138 563
161 598
194 627
234 649
280 656
327 650
368 629
401 600
423 563
433 521
438 478
443 434
445 389
147 359
169 340
200 334
231 337
261 349
306 350
334 337
365 333
395 340
416 360
284 379
283 407
283 435
283 465
255 493
269 497
283 500
297 497
310 494
180 384
198 371
221 372
240 390
219 393
196 392
325 389
344 372
367 371
386 385
368 393
346 393
217 552
239 538
263 531
282 536
300 531
325 540
346 557
325 575
301 583
281 585
261 583
237 571
226 552
263 552
282 554
301 553
336 557
300 557
282 558
263 555
