121 394
122 437
126 480
133 521
149 559
175 592
207 621
242 646
282 653
323 645
358 620
390 588
415 552
429 512
435 469
437 425
436 381
145 367
168 351
199 350
230 357
260 368
300 367
327 353
356 344
387 344
410 359
281 388
282 415
282 442
283 471
254 493
268 498
283 503
299 499
313 493
181 387
199 377
220 377
239 392
218 395
197 395
323 390
340 375
361 374
380 383
364 392
342 393
226 551
245 538
267 533
284 538
300 533
322 539
341 553
322 579
301 591
283 592
265 590
243 577
236 551
267 545
284 547
300 545
331 553
300 565
283 567
266 564
