129 378
128 420
129 463
132 505
146 543
169 578
200 609
235 636
277 645
319 637
358 612
391 581
416 546
429 507
433 465
437 422
438 379
148 358
170 342
199 341
227 348
254 362
312 361
337 347
365 339
394 341
415 358
282 384
282 412
281 439
280 467
248 481
263 488
279 494
296 489
312 485
183 381
201 370
224 372
242 391
220 394
198 391
322 392
341 374
363 371
381 383
366 393
343 395
203 514
229 511
258 511
279 516
301 513
329 514
357 519
330 558
301 575
277 577
254 573
226 554
212 518
257 523
279 527
300 524
348 522
300 552
278 554
256 550
