122 381
124 425
128 467
134 508
147 546
168 581
199 610
237 632
279 640
323 634
361 613
392 584
413 547
424 507
430 465
435 422
438 377
153 359
175 345
203 344
231 351
258 361
311 360
336 348
363 342
390 343
411 357
284 381
285 409
285 437
284 466
255 484
269 489
284 494
299 491
312 486
186 382
204 373
224 374
242 387
222 389
202 388
325 387
342 373
363 372
381 382
364 389
344 389
221 537
238 521
263 518
282 523
302 519
325 525
343 543
325 567
301 578
280 580
259 577
235 562
229 537
262 533
282 536
301 535
334 543
300 553
281 554
260 551
