118 380
120 424
126 467
133 510
147 550
168 587
197 619
234 642
277 648
320 643
356 620
385 589
407 551
419 511
425 469
431 426
432 383
151 358
174 342
204 338
233 344
261 354
305 356
331 344
359 337
387 340
408 357
283 382
283 410
284 438
284 467
254 490
268 495
283 499
297 495
311 490
181 383
199 369
222 370
241 391
219 396
196 395
321 390
338 370
362 369
380 383
364 394
341 395
222 550
241 533
265 526
282 531
299 526
322 533
338 552
321 575
299 587
281 589
261 587
239 575
232 550
264 544
282 545
299 544
328 552
299 561
281 562
263 560
