129 383
129 427
133 471
143 514
160 553
182 590
209 622
242 645
281 650
319 641
351 614
377 578
397 539
411 499
420 457
426 415
427 372
153 351
175 335
203 335
230 344
256 357
313 355
336 340
361 328
388 329
407 346
284 384
285 411
286 437
286 465
257 488
271 493
285 498
299 494
311 488
183 383
201 367
225 369
243 392
222 397
198 396
320 390
337 367
361 364
378 379
365 393
341 394
230 553
247 533
269 523
285 528
300 523
320 532
334 552
320 584
300 598
283 601
265 599
244 585
240 554
268 540
284 541
300 540
324 553
299 573
283 575
267 573
