114 395
117 438
122 479
126 521
138 559
162 590
195 615
233 635
278 642
323 636
363 617
397 593
420 559
430 520
434 479
439 437
440 395
146 357
168 339
198 334
228 339
257 351
309 350
336 338
366 333
394 340
414 359
282 379
282 401
282 422
282 445
253 478
267 482
281 485
295 483
308 480
181 386
199 373
221 373
241 390
219 396
197 395
322 391
341 374
364 374
382 388
365 397
342 397
218 539
240 523
264 514
281 519
298 514
320 523
341 542
320 557
298 564
280 566
262 564
239 555
229 538
263 533
281 535
298 534
331 541
297 538
281 539
263 537
