144 399
140 441
139 483
141 526
151 567
171 604
201 634
235 658
275 667
319 663
361 643
398 618
427 585
444 544
451 500
455 456
457 412
159 355
181 340
210 340
239 347
266 358
309 361
339 353
371 351
402 356
427 372
286 388
284 417
282 446
279 477
247 499
263 505
279 510
297 508
315 504
187 380
205 371
226 373
245 390
223 390
203 389
331 395
351 381
373 381
392 392
373 399
352 398
214 554
236 544
258 541
277 549
296 544
322 551
348 562
320 577
295 585
275 585
255 581
234 570
224 556
258 557
276 562
296 561
338 562
295 562
275 563
257 559
