150 402
147 442
149 483
154 524
163 565
181 601
209 633
241 656
281 665
323 659
361 637
391 608
413 572
425 532
431 490
435 448
435 407
162 349
179 330
206 326
233 332
259 343
306 348
332 339
361 338
389 345
409 362
281 380
281 409
280 438
280 468
250 492
265 498
281 503
297 499
313 493
186 380
202 365
224 367
244 388
222 391
200 390
322 392
340 374
363 373
381 388
364 398
341 397
225 552
241 535
264 529
283 535
301 530
325 536
344 552
326 576
303 589
283 591
263 588
241 574
234 553
264 547
282 549
301 548
334 553
301 565
283 567
264 564
