142 394
139 435
139 476
140 519
149 559
169 596
201 625
239 647
282 655
327 648
366 626
399 600
421 564
432 524
435 482
437 441
437 400
157 355
177 339
206 334
235 337
262 346
305 350
332 342
362 341
391 348
412 365
283 379
282 409
282 439
281 470
248 489
264 496
282 501
300 496
317 490
185 379
204 371
223 372
242 386
221 386
202 385
324 390
343 378
363 378
381 386
363 392
344 391
220 540
239 529
264 525
284 530
303 525
329 530
352 543
330 563
305 574
283 576
262 573
239 562
230 541
263 541
283 544
303 542
341 543
304 553
284 555
263 552
