129 380
126 424
125 468
127 512
139 555
165 593
197 628
234 659
279 668
324 659
364 630
396 596
420 558
433 517
437 474
438 433
438 391
144 354
167 337
197 332
228 338
255 350
308 351
336 341
366 338
395 346
417 364
282 381
281 413
281 443
281 475
241 488
260 495
279 502
299 496
317 491
178 379
198 372
218 374
238 388
217 388
196 386
323 392
343 380
363 380
382 387
364 394
344 394
192 522
222 517
254 518
278 524
304 519
338 520
368 526
338 564
305 581
277 583
252 580
220 562
202 527
254 532
278 536
303 532
358 529
304 560
278 564
253 560
