143 402
142 443
146 485
155 528
170 568
191 606
217 640
249 667
286 677
324 671
359 647
388 614
408 575
425 534
436 489
440 444
439 401
159 337
174 316
200 310
226 318
250 333
312 335
337 321
365 317
392 327
409 349
279 377
279 405
279 432
279 460
252 489
265 495
280 499
295 496
309 492
185 379
201 361
225 363
244 388
222 394
198 392
318 391
336 367
361 366
378 385
363 397
338 398
234 561
246 539
267 528
280 532
294 529
317 542
335 565
319 595
297 608
281 609
265 606
246 590
244 561
267 547
280 548
293 548
324 565
295 582
281 583
266 580
