139 395
135 436
136 478
138 521
148 561
169 597
200 626
236 649
279 658
323 653
365 632
400 605
426 569
438 528
443 484
445 440
444 397
152 348
173 331
201 328
229 334
257 347
310 349
338 338
369 335
398 342
419 361
282 382
281 411
280 439
279 468
248 493
263 498
280 504
296 501
313 497
183 380
200 369
222 371
242 389
220 391
198 390
323 394
343 378
366 378
384 389
367 399
344 399
217 547
241 538
262 533
278 540
295 535
319 544
346 553
319 567
295 573
277 573
260 570
240 561
226 548
261 549
278 552
294 552
336 553
294 552
278 552
261 549
