130 381
130 424
131 467
135 510
146 550
168 588
201 617
240 640
284 646
329 639
370 617
402 590
425 555
435 515
438 472
439 429
439 387
150 357
174 343
204 343
234 350
262 360
304 361
332 353
363 350
392 353
415 367
284 383
283 414
283 444
283 475
248 491
264 497
283 502
302 497
318 491
184 379
203 373
222 375
242 387
220 387
201 385
325 391
344 380
363 381
383 387
364 392
344 392
217 542
238 530
262 526
283 532
304 526
329 530
351 539
331 556
306 566
284 568
262 566
239 558
228 543
262 544
283 546
304 543
340 540
305 544
284 547
263 544
