126 389
131 435
141 479
149 524
163 566
187 604
219 636
254 661
295 667
336 658
369 631
398 597
419 557
430 514
437 468
443 421
445 374
148 359
171 343
200 338
230 343
260 350
301 343
330 331
360 326
392 330
416 348
282 380
283 410
284 441
285 472
259 495
271 501
285 505
300 500
313 494
183 385
201 370
225 371
244 391
223 396
199 396
321 388
340 365
363 362
382 377
367 389
343 391
230 558
247 545
269 539
286 543
303 538
326 543
346 555
328 585
306 599
287 603
269 600
247 588
239 560
269 551
286 552
303 550
337 557
304 576
287 579
269 578
