121 378
126 425
137 470
146 514
162 557
189 593
222 624
256 651
293 657
330 647
362 619
392 585
413 544
425 501
433 455
440 408
442 361
141 356
162 338
192 333
221 338
250 349
302 346
330 332
360 325
391 330
415 348
277 384
278 416
279 449
280 482
254 501
267 507
282 512
296 506
309 500
176 383
195 368
220 370
240 393
217 398
192 397
317 391
337 367
362 363
381 378
365 393
340 395
229 561
247 550
267 544
284 549
300 543
321 548
342 556
324 586
303 599
285 603
267 601
247 589
239 563
267 557
284 559
300 556
332 558
302 575
285 578
267 576
