119 400
126 444
136 487
145 530
158 570
181 603
215 627
252 645
296 650
338 640
372 618
401 590
422 554
430 513
434 470
440 425
441 380
143 369
165 352
196 349
225 355
255 362
293 359
321 347
350 339
381 340
406 355
276 380
278 409
279 437
280 467
250 483
265 488
283 491
299 486
314 479
179 387
197 375
218 374
239 389
218 393
196 394
316 385
334 369
356 367
376 378
358 386
336 387
228 547
242 522
264 514
284 517
303 512
327 517
344 538
331 566
310 578
289 582
267 581
245 571
237 546
265 529
285 530
305 527
336 539
307 553
287 557
266 556
