122 375
127 422
136 469
143 513
156 555
183 591
216 620
254 645
292 651
329 641
362 614
391 582
414 544
424 501
428 455
433 409
435 362
142 355
162 333
191 328
220 333
246 345
300 341
325 326
354 322
384 325
407 344
275 379
277 412
280 445
282 479
248 492
265 497
282 503
298 496
314 489
179 381
197 368
219 371
239 392
218 393
195 391
315 389
333 368
355 364
374 376
359 387
337 389
205 524
235 526
263 525
283 528
303 523
331 520
359 516
335 559
308 578
286 583
265 582
235 566
214 529
264 534
283 536
304 531
350 522
306 558
285 562
264 560
