123 390
129 437
139 484
147 530
162 573
187 611
219 643
255 669
297 676
338 665
371 636
400 602
422 562
432 518
438 471
444 425
447 377
143 369
164 351
193 348
222 354
251 361
299 358
328 347
358 340
389 341
414 356
278 381
279 411
279 441
280 472
251 486
265 492
283 497
300 491
316 484
180 386
198 373
220 374
241 390
219 393
197 393
320 387
338 370
360 368
381 379
363 387
341 388
224 547
239 526
263 521
285 524
306 519
333 522
351 541
336 582
312 603
289 607
266 604
240 585
231 548
264 531
286 533
307 530
344 543
309 578
288 582
265 579
