126 397
131 440
140 481
146 523
157 564
179 598
212 625
249 646
291 651
334 644
371 622
402 593
422 556
431 513
436 469
443 426
446 381
148 366
168 349
196 343
225 345
254 352
303 347
331 338
361 335
390 340
413 355
280 380
281 409
282 439
283 469
256 493
269 497
284 501
299 496
312 490
184 389
201 378
221 378
241 391
221 394
201 395
323 387
341 374
360 373
378 383
362 389
342 390
225 549
247 541
269 535
285 539
302 534
324 537
347 543
325 558
304 566
287 568
269 567
248 562
234 550
269 548
286 549
303 546
338 545
303 547
286 550
269 549
