127 391
132 437
142 481
151 526
164 568
188 603
221 629
257 649
299 652
341 644
377 621
408 592
428 555
438 512
443 466
449 420
450 374
145 364
164 344
194 338
223 340
253 347
295 343
324 333
355 330
386 336
410 351
276 382
277 413
278 444
279 476
254 498
267 503
282 507
298 502
312 495
180 388
197 373
220 374
241 394
219 399
196 398
319 390
338 368
361 365
380 379
364 391
341 392
232 560
249 543
267 537
285 540
302 535
324 539
346 551
326 560
306 566
288 568
269 568
250 566
240 557
268 550
286 551
303 548
337 551
304 548
286 551
268 551
