120 376
123 418
130 459
137 499
148 540
169 576
199 606
237 629
278 637
320 633
360 613
392 585
414 548
427 506
435 463
443 420
445 375
153 363
175 350
204 349
233 356
260 367
303 364
328 354
356 347
385 347
408 360
282 383
282 410
283 437
283 465
248 480
264 487
281 493
298 489
314 484
186 384
203 377
221 378
239 389
220 391
202 390
322 390
339 378
359 377
376 384
360 392
341 392
223 539
240 523
261 517
279 523
297 520
317 528
335 546
316 557
295 560
277 560
257 557
239 549
232 538
260 534
279 537
296 537
326 544
295 538
277 538
259 535
