109 383
113 426
123 467
131 509
142 552
165 589
199 617
241 637
286 644
330 639
373 621
408 592
432 554
445 510
453 466
460 422
461 377
139 352
161 334
191 330
221 336
249 349
308 349
335 336
366 330
396 333
421 348
282 380
283 407
284 433
284 461
252 486
268 491
284 495
300 492
315 487
178 387
196 378
217 378
237 392
216 396
195 396
325 391
344 377
365 376
385 385
367 394
346 395
222 545
246 534
267 526
283 532
297 528
320 536
346 547
321 560
298 565
283 566
267 564
246 558
232 546
267 542
283 545
297 544
336 547
297 544
283 545
268 543
