111 377
117 419
126 460
134 500
146 541
169 576
202 604
241 624
281 631
322 627
362 609
397 583
421 547
434 505
441 463
449 420
454 376
146 354
170 342
199 341
228 348
256 358
306 358
332 347
361 340
390 340
415 352
282 381
283 408
283 436
283 464
252 485
267 490
283 494
298 491
312 486
183 385
202 378
221 378
239 388
220 392
201 391
325 389
342 378
361 378
380 384
363 391
343 391
223 541
245 532
265 525
280 530
294 526
314 534
337 544
315 555
295 560
280 560
265 558
245 552
232 541
265 539
280 541
294 540
328 544
294 540
280 541
265 539
