105 379
110 423
119 466
126 508
139 550
163 585
198 612
238 632
278 640
318 632
356 611
389 584
412 547
424 505
432 463
440 420
446 376
139 353
162 336
192 330
223 334
251 345
308 344
334 332
363 328
391 334
412 350
281 379
281 408
282 436
283 465
249 488
264 494
280 497
296 495
310 490
174 383
193 372
214 374
234 390
213 394
191 394
320 391
340 375
361 373
379 383
364 394
341 395
218 552
240 537
261 530
276 535
292 532
312 539
332 553
311 561
292 564
275 565
260 563
240 560
227 550
261 544
276 545
292 544
322 551
292 545
276 546
261 545
