110 391
114 433
123 474
130 515
140 558
160 595
193 625
235 646
283 653
331 648
375 630
408 600
428 562
439 518
446 475
453 432
456 388
145 348
169 333
198 332
227 337
256 347
309 345
337 333
366 327
396 329
419 346
283 378
283 401
284 426
284 451
253 478
268 483
283 486
298 484
313 480
178 384
196 369
219 370
239 390
217 396
194 395
324 390
343 370
367 368
386 383
369 395
345 396
220 543
243 528
265 519
281 524
296 520
319 531
343 548
318 561
296 565
280 565
264 563
242 557
231 543
265 538
281 540
296 540
332 547
295 543
281 543
265 542
