106 376
108 418
113 459
119 502
133 542
160 576
195 605
236 627
281 635
327 629
370 606
406 576
431 539
444 496
450 454
453 411
453 368
136 350
158 334
188 332
218 339
246 351
312 350
338 337
367 330
397 332
420 348
281 377
282 405
282 433
283 461
244 476
263 482
282 488
302 483
320 478
176 381
195 376
214 377
234 386
213 387
194 385
324 386
343 377
362 376
382 380
364 385
344 386
192 514
225 509
259 508
283 513
305 509
338 511
372 514
339 547
306 559
282 561
257 558
223 546
202 517
258 521
282 525
305 522
361 517
306 541
282 543
258 541
