109 379
113 424
123 467
132 511
144 557
166 599
198 635
239 660
285 669
330 661
372 636
405 600
426 556
439 510
448 464
456 419
459 374
141 344
163 327
192 325
221 333
246 346
309 345
336 331
365 324
394 326
419 341
281 378
282 404
283 430
284 457
252 483
267 488
283 491
298 489
311 485
176 383
194 370
217 372
235 390
215 395
192 394
323 390
342 373
365 371
383 383
368 394
345 395
220 548
241 532
265 523
280 529
296 525
321 536
343 551
321 579
296 590
279 591
262 588
239 576
229 550
265 540
280 542
296 541
332 553
295 566
279 567
263 564
