130 390
134 432
141 472
148 511
160 548
179 581
207 607
241 627
282 634
324 628
360 609
390 582
411 547
423 507
429 467
435 424
436 381
155 360
176 345
202 338
230 339
257 347
296 348
322 340
349 337
377 341
400 355
278 377
279 403
280 429
281 456
253 480
268 484
283 487
299 483
313 478
184 384
201 375
221 375
240 390
219 393
200 392
318 389
336 374
356 372
374 381
358 390
338 391
222 539
242 520
264 512
283 515
302 511
324 518
344 538
324 550
302 556
283 558
263 556
242 551
233 537
264 531
283 532
302 531
333 536
301 533
283 534
264 533
