139 380
143 422
150 463
158 502
170 539
189 573
216 602
249 623
286 630
325 623
360 604
390 575
411 541
425 502
431 460
437 416
439 372
157 351
176 336
203 334
229 338
253 349
293 354
318 344
346 338
374 338
400 350
275 378
275 405
276 432
276 459
252 477
265 482
279 486
294 481
309 476
186 379
203 369
223 371
240 388
220 391
200 389
317 388
333 371
354 368
373 378
357 389
336 390
220 528
238 509
261 503
281 507
299 504
325 510
346 530
326 559
301 573
280 574
259 571
237 557
229 528
261 521
281 522
299 522
337 530
299 548
280 549
260 546
