119 378
122 422
129 465
135 507
146 547
168 582
200 609
237 630
278 636
317 630
353 610
381 582
401 547
411 509
418 469
427 427
431 385
152 342
176 329
205 329
231 339
255 353
311 356
336 344
362 337
389 339
410 354
284 381
284 405
285 430
285 455
256 480
269 483
283 486
296 484
309 482
184 379
201 370
222 373
240 389
219 392
198 389
323 392
340 377
361 377
378 386
362 395
342 396
215 538
239 520
264 510
282 514
299 511
321 522
341 542
321 562
299 570
281 572
261 569
237 559
227 538
264 531
282 532
299 532
330 542
298 542
281 542
263 540
