120 386
124 428
131 468
139 508
155 544
178 575
209 602
248 619
287 624
324 616
356 595
382 567
400 532
409 495
415 456
419 416
421 375
155 363
179 353
207 351
234 357
260 366
298 368
321 358
346 350
373 348
397 357
281 382
283 406
285 430
287 455
255 468
270 474
287 479
302 473
315 467
186 384
204 379
222 380
239 390
220 391
202 389
317 389
333 378
352 376
370 380
354 386
336 388
213 516
234 496
263 491
286 495
306 491
332 496
348 516
333 551
309 566
286 569
262 566
234 552
221 517
264 508
286 509
306 507
340 516
307 543
286 546
263 543
