121 380
124 424
129 469
136 512
152 551
177 585
208 617
246 640
285 647
325 638
360 613
391 582
415 547
430 507
435 463
438 418
438 375
146 352
167 336
194 334
222 340
247 353
304 352
327 339
353 331
380 332
404 344
275 378
276 405
276 431
276 458
244 476
260 481
277 486
295 481
311 475
178 380
198 376
217 379
236 391
215 390
196 388
317 389
335 377
354 375
374 378
357 386
338 388
193 516
223 505
255 503
279 506
304 502
338 504
369 514
341 555
307 576
280 580
254 577
222 557
204 518
256 517
279 519
304 516
358 517
305 553
280 557
255 553
