126 390
129 432
136 473
143 515
155 554
175 588
205 615
242 634
282 640
323 634
360 615
389 587
409 553
420 515
428 475
435 433
437 391
157 332
177 316
203 313
228 323
251 337
312 339
335 325
361 315
387 319
408 336
282 374
282 398
282 422
282 447
258 475
269 478
282 481
295 479
307 476
186 377
202 363
226 365
243 386
222 392
199 390
321 387
339 366
362 364
379 380
365 392
342 393
220 545
240 519
264 507
281 510
297 507
321 520
340 546
322 569
298 578
281 579
262 577
239 568
232 544
265 529
281 528
297 529
328 545
297 548
281 549
264 548
