123 372
126 418
135 462
143 504
159 544
182 579
214 608
249 631
285 638
321 630
354 606
384 575
406 538
421 497
429 454
436 409
438 363
150 356
176 347
206 350
234 359
261 370
298 371
325 359
353 348
383 344
410 354
281 387
281 412
282 438
283 464
254 485
269 489
284 493
299 489
313 484
184 380
203 375
222 376
240 390
219 392
200 390
322 389
338 375
358 373
378 379
361 389
341 391
222 544
242 528
265 520
284 523
301 518
323 525
341 542
324 563
303 575
285 578
265 576
242 567
233 544
266 535
284 536
301 534
330 542
302 549
284 552
266 550
