116 389
119 434
128 476
137 518
149 558
171 596
204 627
241 651
284 659
327 651
367 629
401 600
423 562
436 521
446 478
454 436
459 392
143 334
161 311
189 300
219 302
244 317
320 316
348 302
379 300
407 313
425 336
282 369
281 395
280 420
280 446
252 478
265 483
280 486
295 483
308 479
176 382
195 365
220 366
241 386
219 393
193 393
323 386
347 367
372 368
390 385
373 395
347 394
224 552
244 531
267 520
280 524
296 520
322 532
344 553
323 579
298 589
280 590
265 589
243 579
236 552
266 539
280 539
296 539
332 553
297 562
280 563
266 562
