115 394
121 435
129 475
137 514
149 552
171 584
205 607
243 627
285 633
328 627
366 607
401 583
424 551
436 513
443 473
450 434
456 392
142 358
164 340
194 334
225 336
253 350
308 351
338 339
370 334
400 341
423 359
281 381
280 406
280 431
280 457
252 482
265 486
279 489
294 486
309 483
179 387
198 376
219 376
239 390
218 396
196 396
324 391
344 378
366 378
385 389
367 398
345 397
220 537
243 527
265 519
281 523
295 519
318 527
344 538
319 552
296 558
280 559
264 557
243 551
231 538
265 535
280 536
295 536
333 539
295 536
280 537
265 536
