109 399
112 443
120 485
127 524
138 562
161 594
193 618
231 637
272 644
314 640
355 624
390 602
414 570
429 533
437 494
446 454
453 411
142 362
167 343
198 334
231 333
262 345
299 348
332 338
366 340
397 350
419 370
281 375
280 400
279 425
278 451
248 481
262 485
276 488
292 486
306 484
177 385
196 374
218 374
238 389
218 393
195 393
322 392
345 380
367 382
384 395
367 401
344 399
216 546
239 529
261 521
275 525
291 522
314 532
338 550
313 557
291 560
274 561
259 559
238 554
227 544
260 538
275 540
291 539
327 548
291 539
275 540
260 539
