116 381
120 424
128 465
134 505
144 543
166 576
199 602
239 623
283 631
328 624
366 604
398 578
419 545
428 507
434 468
441 427
445 385
151 364
175 352
202 349
231 351
256 361
308 365
335 356
364 352
392 355
415 369
282 381
281 407
281 433
281 460
250 476
264 481
281 486
298 482
313 476
184 382
203 373
222 374
241 388
220 389
201 387
323 390
342 377
362 377
381 386
362 391
342 391
216 533
238 516
263 508
283 511
301 508
325 515
346 533
326 556
302 565
283 567
262 565
238 556
225 533
263 522
282 522
301 521
337 533
301 546
283 547
263 546
