122 388
124 430
130 470
137 510
148 549
169 585
201 613
238 635
280 642
323 636
364 615
399 588
421 553
433 514
439 474
447 433
451 392
148 356
169 335
199 326
232 326
260 340
303 348
333 338
366 337
397 346
419 366
281 377
280 402
280 428
279 454
250 481
264 485
279 488
295 485
311 481
181 381
199 369
221 369
241 386
220 391
197 390
325 388
345 374
367 374
385 388
367 395
345 393
221 540
243 528
265 519
281 523
297 519
320 527
343 543
321 562
297 570
281 572
263 570
242 562
232 541
264 535
281 536
296 535
333 543
297 549
281 550
265 548
