113 381
115 424
120 466
126 509
138 549
163 585
196 614
235 637
277 647
319 639
358 616
393 588
417 555
430 515
436 474
440 433
442 392
145 353
169 338
198 332
229 335
255 349
316 353
343 342
371 338
399 344
419 362
285 380
284 406
283 432
282 460
247 476
263 482
281 488
298 484
314 479
181 381
201 372
221 374
241 388
219 390
199 389
325 392
345 379
366 379
384 389
366 396
345 396
197 519
228 510
259 507
280 511
300 509
330 515
359 525
329 557
299 569
278 570
255 566
225 551
207 521
258 518
279 521
299 521
350 527
299 550
278 551
257 548
