108 387
112 431
120 474
127 516
139 556
163 591
197 619
237 642
280 649
323 642
363 619
397 593
421 559
433 520
440 479
446 438
450 396
139 365
165 350
197 346
229 349
260 360
305 364
335 354
367 350
398 354
422 370
282 384
282 411
282 439
282 468
249 489
264 495
281 499
297 495
313 491
177 385
196 375
218 376
237 391
216 393
194 393
326 394
346 379
367 379
387 390
368 397
346 396
217 549
242 540
265 531
281 536
295 532
318 540
344 551
319 570
296 578
281 579
264 577
241 568
228 551
265 549
280 550
295 549
332 553
295 553
281 554
265 552
