137 386
142 427
149 468
158 508
172 547
192 584
219 617
251 643
289 650
329 641
367 616
398 583
421 545
435 504
442 461
446 416
447 371
151 348
167 329
192 326
217 330
241 340
300 334
326 322
354 316
382 320
404 337
272 377
272 404
271 431
271 458
246 478
260 483
275 487
290 482
306 477
184 383
200 370
221 371
239 389
220 393
198 392
316 385
332 366
354 363
372 374
357 385
336 387
227 537
241 517
261 509
278 512
296 508
322 514
345 530
325 565
300 581
280 585
261 582
241 568
236 537
261 524
279 525
297 523
335 532
298 556
279 559
261 557
