127 391
131 434
139 477
149 518
163 558
184 596
212 627
245 652
283 659
322 651
358 626
387 593
408 555
422 515
430 472
437 428
441 384
153 357
173 340
200 337
228 342
255 352
305 350
332 339
361 334
390 338
411 355
280 380
279 404
279 429
278 455
254 480
266 483
280 486
293 483
307 480
186 383
202 371
223 372
239 389
221 393
200 392
323 387
338 370
360 368
377 381
362 391
341 392
227 546
243 526
265 516
280 519
296 516
319 525
338 543
321 577
298 591
281 593
264 591
242 577
237 547
265 532
281 533
296 532
329 545
296 566
281 568
265 566
