130 371
135 413
143 454
152 494
166 533
189 568
216 599
249 623
290 629
330 620
363 593
389 561
410 524
422 486
429 445
433 402
434 359
151 359
172 345
200 347
226 355
252 365
299 363
325 351
352 340
381 339
404 352
275 384
276 411
277 438
278 467
247 475
263 480
280 485
296 479
313 472
185 383
202 376
221 377
237 390
218 391
200 389
318 387
334 375
353 371
371 377
356 385
337 387
225 522
239 503
260 499
282 503
303 497
326 498
343 514
329 543
307 561
285 565
261 563
239 549
234 522
261 513
283 515
303 511
334 516
305 537
284 541
261 539
