131 372
134 413
140 454
147 493
162 532
187 567
215 599
249 627
286 635
324 626
358 595
386 561
409 525
423 487
428 447
432 406
434 365
155 355
176 342
203 343
230 350
255 361
306 360
331 349
358 342
385 342
407 356
281 382
281 409
281 436
281 465
249 476
265 481
282 486
298 480
314 475
191 380
209 376
226 378
242 388
224 386
207 384
322 386
337 378
354 375
373 379
356 383
339 385
206 503
233 503
262 504
283 508
303 504
333 502
362 501
335 540
306 559
284 563
261 560
232 541
215 507
262 515
283 518
304 514
352 505
305 539
283 543
262 540
