125 381
126 421
129 461
133 502
142 540
162 576
190 607
225 631
267 639
310 636
349 614
381 586
404 553
417 515
425 476
433 436
438 396
160 352
182 337
209 334
238 339
264 349
308 350
336 344
365 341
392 348
411 368
284 377
282 405
280 432
278 461
246 475
260 482
275 488
291 485
307 481
191 376
208 367
227 369
242 385
224 384
206 382
323 390
340 377
360 376
376 387
361 392
341 392
209 520
230 510
255 508
273 513
291 511
315 516
337 528
313 550
289 558
269 559
249 555
227 542
219 522
254 526
272 529
291 529
327 530
289 532
271 533
252 529
