133 395
137 434
144 473
152 512
164 550
184 583
214 611
250 632
291 637
334 630
371 607
402 578
423 543
433 504
437 464
441 423
443 382
156 362
173 343
200 339
228 342
255 352
302 348
330 337
359 332
388 336
410 354
280 378
279 401
279 423
279 447
256 475
269 478
282 480
295 477
309 473
189 388
204 377
224 377
241 390
223 395
203 395
323 386
338 372
358 371
376 380
361 389
341 390
234 538
252 522
269 512
283 515
297 510
318 518
340 532
320 547
301 554
286 556
271 555
253 551
244 537
270 530
284 530
298 529
329 532
299 532
285 534
271 533
