119 372
124 418
133 462
143 506
158 547
180 586
209 619
243 645
283 651
324 642
359 614
388 579
411 540
424 498
433 455
440 409
445 363
150 371
174 357
204 356
235 362
265 370
295 369
324 361
355 353
385 350
412 361
278 386
278 416
278 446
277 477
246 490
261 496
279 501
297 495
313 488
185 384
203 377
223 377
241 389
222 394
202 393
322 386
339 373
359 372
377 378
361 388
340 389
228 549
242 532
264 525
282 529
300 523
322 528
339 543
325 573
303 587
284 591
264 589
242 576
238 549
264 539
282 540
300 537
329 544
301 561
283 565
265 563
