114 391
120 435
128 477
135 518
147 559
169 594
203 622
244 640
290 643
335 636
375 614
407 586
427 549
437 507
440 464
443 421
444 376
130 365
154 344
188 341
222 348
256 359
300 355
331 342
363 333
397 334
422 353
280 382
280 410
281 439
282 469
253 490
268 494
283 498
299 493
313 488
167 391
186 379
209 379
231 393
208 400
185 401
327 389
347 373
371 372
390 382
374 393
350 394
221 548
244 534
267 525
284 529
300 524
323 531
348 542
326 562
304 569
286 571
268 570
245 564
232 548
267 543
285 544
301 542
337 543
302 541
285 544
268 543
