126 381
129 425
135 468
142 510
154 551
175 588
207 617
245 639
289 645
335 640
378 619
415 591
441 553
454 510
460 464
465 417
467 369
136 364
160 346
194 347
227 355
261 365
299 363
333 351
367 341
403 340
434 355
281 383
281 413
281 443
280 475
250 493
265 498
282 502
300 497
317 491
172 387
192 377
214 377
235 391
213 395
190 395
333 388
354 374
377 373
398 381
379 391
356 392
224 553
243 537
265 528
284 533
302 527
327 535
351 548
329 571
305 579
285 581
265 580
243 573
235 553
265 548
284 549
302 546
339 548
303 549
285 552
266 550
