119 379
122 426
130 472
137 516
151 560
174 600
206 633
244 658
288 664
333 656
373 631
408 598
430 557
443 512
449 467
454 421
456 373
133 351
154 324
189 319
224 328
256 343
305 339
339 323
374 314
410 321
433 345
280 378
280 409
281 441
281 474
251 495
266 501
281 505
298 501
313 496
165 383
185 368
212 369
233 390
210 398
182 398
332 389
354 367
380 365
400 380
384 394
357 396
224 564
242 542
265 531
282 536
300 530
325 542
345 562
327 592
303 602
282 604
263 603
240 593
236 563
264 553
282 554
301 553
333 562
301 569
282 571
264 570
