107 390
114 437
123 480
129 521
141 561
165 596
201 623
244 642
290 646
334 636
374 613
407 584
426 546
433 504
436 460
440 417
442 371
127 372
151 350
187 346
222 353
257 363
295 361
328 348
361 338
396 340
423 358
277 380
279 410
281 441
283 473
248 488
265 494
283 499
302 492
317 484
164 390
184 380
206 379
227 390
206 393
184 395
325 386
346 372
368 372
387 380
369 386
348 387
222 556
241 534
267 524
286 527
306 521
332 527
352 543
335 567
311 578
289 582
268 582
242 575
234 555
267 547
287 546
307 543
340 544
309 549
288 552
268 552
