110 388
116 434
122 478
127 522
140 563
165 600
199 631
243 652
288 658
333 646
373 621
405 589
424 551
434 509
436 466
439 425
442 382
128 367
150 341
186 335
221 341
255 354
306 349
339 337
372 330
405 335
427 359
281 377
282 408
283 438
283 469
246 486
264 491
284 495
302 489
319 482
168 388
187 379
209 378
230 389
209 392
187 393
329 386
351 374
372 374
391 382
373 388
352 388
200 531
231 520
261 517
284 520
307 515
337 516
363 524
340 561
311 579
286 584
261 582
229 568
210 532
261 526
284 528
308 523
354 526
310 557
285 562
261 560
