118 390
122 435
129 477
136 519
149 559
170 595
203 625
242 647
286 652
330 645
372 623
405 592
426 554
438 512
443 468
446 425
448 380
133 359
154 335
188 329
222 332
255 341
298 341
331 331
365 328
398 334
423 353
278 377
279 407
280 439
281 471
250 492
265 498
282 502
298 496
313 490
165 386
184 371
210 371
231 391
208 397
182 398
328 388
349 368
374 366
393 381
377 393
351 393
224 556
242 535
266 526
283 529
302 523
327 531
347 547
329 573
305 584
285 587
265 587
242 580
236 555
265 548
283 547
302 545
336 547
304 553
284 556
266 556
