108 392
114 438
124 483
133 526
148 567
174 604
210 634
253 654
299 656
343 646
383 620
414 587
433 547
441 504
444 460
446 416
447 371
126 371
151 347
186 341
223 342
259 350
297 346
330 335
365 330
399 332
425 351
280 377
282 411
285 444
288 479
254 498
271 503
289 506
306 500
320 493
166 393
186 382
209 380
230 392
209 398
185 400
330 386
350 371
372 369
391 378
375 387
353 388
227 562
247 544
272 534
291 538
310 530
334 536
355 547
338 570
315 581
294 585
274 586
249 580
238 561
272 555
291 555
312 551
344 548
313 550
293 555
273 555
