122 386
127 430
134 474
143 516
158 556
184 588
217 614
252 634
291 639
330 632
365 610
396 582
420 546
433 504
438 461
442 416
444 370
147 372
166 355
196 351
226 356
256 364
296 364
325 352
356 345
387 347
411 362
277 384
277 411
276 437
276 465
250 487
264 492
280 495
296 490
311 484
183 388
201 378
221 378
240 390
220 394
200 394
319 387
337 373
357 372
376 380
359 388
338 388
233 546
249 531
267 523
284 527
299 522
320 528
342 540
323 553
303 560
287 562
270 562
252 557
241 545
268 539
285 540
300 538
333 540
301 540
286 542
269 541
