119 389
125 433
132 476
139 518
154 557
180 589
213 613
250 632
289 637
327 631
360 609
389 582
411 548
422 508
427 466
431 422
434 379
146 373
164 354
193 347
223 352
252 362
300 361
328 349
358 342
387 346
407 365
278 384
278 411
279 437
279 464
252 486
266 490
281 493
296 489
310 484
182 390
199 380
220 379
239 392
219 397
198 398
317 389
334 374
355 373
374 383
357 392
336 392
226 542
246 528
265 520
284 525
300 519
320 525
342 536
322 550
303 558
286 560
268 559
247 553
236 541
266 536
284 537
300 535
333 537
301 537
285 539
267 538
