130 382
134 423
140 464
146 504
159 541
184 571
216 595
252 615
292 620
332 613
367 591
398 565
420 533
430 494
433 453
435 412
436 371
149 374
168 354
197 350
226 357
254 366
301 366
329 356
357 350
385 351
406 366
279 381
280 406
281 431
282 458
250 470
266 476
283 481
301 474
316 468
186 385
203 378
221 378
241 388
221 388
203 388
320 385
337 375
354 374
373 379
356 383
338 385
229 518
247 505
267 499
285 503
303 498
324 502
343 512
326 526
306 535
288 537
269 536
249 529
239 517
267 514
285 515
303 512
334 513
304 515
286 517
269 516
