129 387
132 429
137 469
142 510
155 549
179 581
210 609
245 632
285 640
327 634
363 611
393 582
419 548
431 508
435 464
438 420
439 376
148 374
164 351
193 344
222 348
251 358
304 357
333 345
363 338
392 343
412 365
278 383
278 411
278 438
278 466
246 479
262 486
280 491
298 484
316 478
183 389
200 378
220 378
240 393
219 395
199 395
320 389
338 374
359 371
377 382
361 390
340 391
209 517
234 511
260 509
282 513
302 509
330 510
359 516
332 542
304 555
283 557
261 554
235 542
219 520
260 520
282 522
302 520
349 518
303 537
283 539
261 537
