129 396
133 438
138 479
144 520
157 557
181 588
213 612
248 629
289 633
330 628
367 609
399 584
423 552
435 515
439 475
442 433
445 390
153 378
171 357
199 346
231 344
262 351
298 355
329 348
362 347
391 357
412 375
280 378
280 405
280 430
279 458
253 482
266 485
281 488
296 484
311 481
189 389
206 379
225 377
244 388
225 392
206 392
322 388
340 377
360 377
378 386
360 391
340 390
225 537
245 521
265 514
283 518
299 513
321 520
344 534
322 541
301 545
284 546
266 546
246 543
233 535
265 528
283 530
300 528
335 533
300 526
283 528
266 527
