124 400
130 444
139 486
148 527
164 566
189 599
220 626
255 648
293 655
331 646
364 620
392 589
413 552
424 511
429 469
433 425
435 380
152 381
168 360
195 348
225 346
255 352
295 354
324 346
353 343
382 350
402 367
277 382
278 409
279 435
279 463
253 484
266 488
282 491
298 486
312 479
186 393
202 381
222 379
240 391
222 395
202 396
318 387
334 373
354 372
371 381
355 387
336 388
237 553
248 528
267 516
284 519
299 513
322 523
339 544
325 570
305 584
288 587
270 586
251 575
246 552
268 536
285 535
300 533
329 545
302 559
287 562
270 560
