119 383
124 430
133 478
143 524
161 567
186 604
217 636
252 661
290 668
328 659
361 629
389 594
410 553
423 509
430 463
437 416
439 369
141 352
157 331
186 328
213 337
241 349
305 348
332 333
360 322
390 324
409 343
276 383
276 411
277 440
277 470
249 492
263 497
279 501
295 495
309 489
176 388
194 373
217 374
236 392
216 398
192 398
317 388
335 368
358 366
376 378
362 390
339 392
230 559
246 539
266 529
281 533
296 528
320 537
341 553
322 584
300 598
284 600
267 598
247 587
239 559
266 546
282 546
297 545
331 555
298 573
283 576
267 574
