120 381
125 426
129 468
134 511
146 550
168 585
198 613
234 635
279 642
325 636
364 613
397 586
421 551
433 511
437 469
442 426
447 382
150 360
173 342
204 337
235 337
266 344
311 346
341 339
372 335
402 336
425 355
286 375
285 410
283 444
281 479
246 490
262 497
281 503
299 498
317 491
184 383
202 376
221 375
240 384
221 387
202 387
332 386
352 376
371 376
388 384
371 390
352 389
219 547
238 536
259 532
280 537
300 532
321 537
341 548
321 560
300 567
279 569
258 566
237 558
229 547
258 544
279 546
300 544
332 548
300 547
280 548
259 546
