123 379
127 424
134 467
142 509
155 550
175 589
204 623
240 650
282 658
323 647
359 618
388 585
407 546
419 505
425 463
431 422
434 380
143 342
161 319
191 312
221 316
248 332
314 333
342 321
372 317
401 324
418 347
281 377
280 410
280 443
279 476
249 495
263 502
279 506
295 501
309 495
175 382
192 365
217 367
236 388
215 395
190 395
325 388
344 368
369 366
386 382
372 395
347 396
227 556
246 543
264 535
279 540
295 535
314 542
331 555
315 581
296 592
279 594
263 593
245 582
239 556
264 550
279 552
295 550
320 557
295 566
279 569
264 567
