130 376
133 420
137 461
141 500
152 537
171 571
199 598
233 622
275 629
320 622
358 602
392 579
417 546
432 510
437 468
441 425
447 381
147 370
170 350
203 349
235 353
264 365
300 365
332 356
366 353
399 355
423 373
283 378
281 409
279 441
278 474
236 474
255 485
277 492
300 485
319 476
185 380
204 375
222 375
240 381
221 381
204 382
328 383
348 377
366 379
385 385
366 386
348 384
216 529
234 515
257 510
276 515
298 511
323 516
342 532
322 551
297 559
275 560
255 558
232 548
226 529
257 521
276 523
297 521
331 531
297 541
276 543
256 540
