128 376
131 419
137 461
143 502
155 541
175 577
204 606
239 629
280 635
323 629
360 606
392 578
414 542
426 503
431 462
437 421
441 378
146 352
167 332
198 331
229 337
257 351
309 354
337 342
368 335
400 336
421 356
282 381
280 414
279 445
277 478
245 492
260 498
277 503
295 498
312 493
179 383
197 372
218 373
238 388
217 393
195 393
327 389
347 376
369 375
386 386
370 396
348 395
221 542
241 537
260 534
277 538
293 534
313 537
335 543
314 558
294 564
277 566
260 564
241 557
230 543
260 545
277 547
293 545
326 544
294 544
278 547
261 544
