138 368
141 411
147 453
152 495
162 535
182 573
209 608
242 637
283 647
326 639
363 611
394 579
417 541
429 500
434 455
440 412
445 367
149 351
170 333
200 334
230 339
259 351
303 354
333 345
364 341
396 340
420 356
280 379
279 412
277 446
275 480
241 487
258 495
276 502
296 495
315 488
182 376
200 367
222 369
242 385
219 388
197 387
326 386
346 372
368 370
387 380
369 390
347 391
217 534
235 527
257 524
277 529
297 524
322 527
343 535
324 565
299 581
278 583
257 580
235 564
227 537
257 533
277 535
297 533
333 538
298 559
278 562
258 559
