115 342
116 392
120 441
124 487
137 530
159 569
189 603
224 632
270 641
317 636
356 612
391 582
417 543
432 500
440 454
447 407
454 358
133 341
162 327
198 336
231 350
262 365
301 369
336 360
370 353
405 349
432 364
282 384
280 420
277 457
275 494
228 493
249 504
273 512
297 506
319 497
169 368
189 362
213 366
234 381
210 383
186 380
327 387
350 376
372 376
393 384
374 393
351 392
212 544
229 533
251 529
272 535
294 530
318 536
336 550
317 565
294 573
271 575
249 572
228 561
222 544
251 544
271 547
294 545
326 549
295 548
272 550
251 546
