124 368
126 414
129 459
133 503
146 542
168 579
197 612
232 640
273 650
316 641
353 613
383 582
407 545
421 504
425 461
431 418
434 375
140 344
159 319
190 316
220 323
248 339
312 344
340 330
370 324
400 327
420 349
280 379
279 413
278 447
277 482
241 489
258 497
276 504
296 497
312 490
174 379
192 365
216 367
236 388
214 393
190 392
323 388
345 369
368 367
385 381
370 393
346 394
203 525
232 527
257 527
275 530
293 528
318 529
345 530
318 562
293 576
273 577
253 575
229 559
214 530
256 534
274 536
293 535
334 534
293 556
274 559
255 555
