132 375
135 419
138 461
144 504
157 544
181 580
208 614
239 643
278 652
318 645
352 618
382 586
410 551
426 512
435 470
441 426
445 381
156 359
172 336
202 329
232 334
260 347
309 348
337 336
368 332
398 342
416 367
282 379
281 410
280 440
278 472
243 481
260 488
279 496
300 489
320 482
186 380
204 370
224 372
245 387
223 388
202 387
322 390
342 376
363 375
383 386
364 392
343 392
199 513
227 513
257 515
281 519
304 514
335 513
365 516
337 558
306 578
280 582
254 578
224 557
208 518
256 526
280 529
304 525
355 520
305 554
280 558
256 553
