119 388
123 431
128 474
133 515
147 554
171 587
202 611
238 632
278 636
319 630
353 608
383 583
406 551
418 514
426 476
432 434
435 391
155 369
178 351
209 345
241 347
273 354
297 358
326 350
357 348
387 354
408 373
282 377
282 405
282 434
282 463
246 480
263 485
282 490
301 485
318 479
186 382
203 372
223 372
243 385
222 386
202 386
321 387
339 374
359 375
377 386
359 390
339 389
210 534
232 519
259 513
283 517
304 511
328 515
347 531
329 551
306 563
284 566
259 565
233 555
220 534
259 529
283 529
305 527
337 532
306 540
284 543
260 541
