132 392
135 434
140 475
146 515
157 552
179 585
207 611
242 630
282 636
323 630
359 610
389 584
412 552
425 514
432 475
437 435
440 393
155 363
173 342
203 333
233 335
262 346
299 348
331 338
364 336
394 346
413 370
280 378
280 405
279 432
278 460
248 485
263 489
279 492
296 489
311 486
184 383
201 372
223 373
243 388
222 392
200 392
320 390
339 375
362 376
380 388
362 396
340 395
217 541
238 529
260 523
279 528
298 522
319 528
342 539
321 554
299 561
280 563
259 562
238 556
226 541
260 539
279 541
298 538
332 539
299 538
280 541
260 540
