133 402
137 442
144 481
150 521
164 558
187 591
216 618
249 639
287 646
326 638
358 616
387 588
410 556
422 519
429 480
434 439
437 397
160 374
177 353
204 344
233 342
263 346
295 347
325 340
355 340
384 346
405 366
279 376
280 403
280 429
281 456
248 477
265 481
284 485
302 479
320 473
186 388
202 373
223 372
243 388
223 391
202 391
320 386
337 369
358 368
377 382
360 388
338 388
216 532
237 517
264 510
285 512
305 506
332 510
353 526
335 557
310 574
288 578
265 577
238 563
225 533
264 525
285 525
306 522
344 528
308 549
287 553
265 552
