133 363
134 408
140 453
146 497
157 538
177 576
204 607
236 634
276 643
319 638
357 616
391 587
418 552
435 511
446 468
455 422
459 374
155 365
178 348
210 347
241 355
274 363
297 369
330 360
364 353
398 355
424 374
283 382
281 417
279 452
277 488
241 496
259 504
279 510
300 505
320 498
185 378
204 369
225 370
245 387
223 388
201 387
327 391
347 375
370 375
390 386
370 394
348 394
216 545
236 538
259 535
280 540
301 534
325 536
347 545
326 562
302 572
280 575
258 573
236 563
226 547
259 550
280 552
301 549
337 545
302 550
280 553
259 551
