129 392
132 435
138 478
146 522
161 564
182 601
209 634
241 661
278 669
316 663
351 639
380 606
404 569
420 528
431 485
439 441
441 396
153 353
170 331
199 324
228 329
256 341
303 344
333 332
365 327
396 337
414 362
278 380
277 406
276 433
275 461
248 487
262 492
278 496
294 492
309 487
181 381
198 365
222 366
242 387
221 393
196 392
320 389
339 368
364 368
382 384
365 396
340 395
225 559
240 537
263 527
280 531
297 526
320 535
335 557
321 590
299 607
280 609
261 607
238 592
234 560
263 546
280 546
297 545
325 558
298 578
280 581
262 579
