133 395
135 435
139 474
143 515
152 554
172 588
200 617
233 641
274 648
319 645
359 625
396 601
424 570
440 533
448 492
454 450
460 406
157 374
175 352
204 344
235 343
267 349
297 351
330 345
365 345
396 355
418 376
279 377
277 405
275 432
273 461
240 483
257 487
276 493
296 487
315 482
186 386
204 376
223 376
242 388
222 389
203 389
326 390
344 378
365 379
384 391
365 394
344 392
205 535
227 524
253 519
276 523
297 517
326 522
353 536
327 553
300 564
276 566
253 564
227 554
215 537
253 538
276 539
298 536
342 537
299 539
276 541
254 539
