116 389
118 436
122 480
130 523
145 560
169 590
200 614
234 633
275 640
317 634
353 616
385 591
410 556
427 516
438 474
448 427
455 378
139 368
163 351
193 349
224 354
252 363
304 361
335 352
366 345
398 345
425 358
280 380
280 405
280 430
280 457
243 474
261 481
279 486
299 481
316 475
176 385
196 375
219 376
237 390
217 390
195 390
324 389
345 374
367 372
387 381
369 387
347 389
216 539
235 516
259 507
279 512
300 508
325 517
342 542
323 564
299 574
277 575
256 572
233 562
227 538
259 522
278 524
299 523
332 540
298 551
277 552
257 550
