115 393
118 436
122 479
127 520
138 560
162 593
195 622
234 642
279 648
323 640
362 619
394 590
418 555
431 515
437 474
442 433
447 391
139 357
161 338
192 332
223 336
252 347
313 345
343 335
373 331
403 335
424 354
284 378
283 403
282 428
281 455
243 477
262 482
281 487
300 483
318 478
177 384
198 374
220 376
240 391
219 392
196 391
324 391
345 376
366 374
386 384
369 391
347 393
191 526
224 512
257 509
281 513
305 509
337 513
368 526
337 556
306 568
280 571
255 568
222 554
202 528
257 519
280 521
305 519
358 529
306 551
280 554
256 551
