121 402
126 444
133 485
138 524
148 561
170 593
202 618
239 635
281 639
324 634
362 616
395 591
419 559
432 521
440 481
448 438
454 395
139 366
161 346
191 340
223 344
253 355
309 352
340 340
372 336
404 340
428 358
282 383
281 406
281 429
280 454
251 487
266 489
281 491
296 489
311 487
178 389
197 375
221 376
240 395
219 399
195 399
325 393
345 374
369 372
389 385
372 395
348 397
216 549
239 533
264 522
282 527
300 522
325 532
348 549
325 562
301 568
281 569
263 567
238 561
227 548
264 542
282 543
301 542
337 548
300 544
281 544
263 543
