109 411
113 459
121 507
131 554
147 599
168 640
198 677
233 703
277 710
320 701
357 673
387 637
409 597
426 553
439 507
449 458
455 410
134 356
155 332
187 325
220 332
249 347
310 344
342 329
375 320
408 324
432 346
282 380
281 403
280 426
278 450
251 486
265 491
279 493
294 490
308 486
172 389
191 367
220 368
240 394
218 401
190 401
325 392
347 366
375 364
393 385
377 397
349 398
223 588
234 545
262 526
278 529
296 525
322 544
333 588
322 634
298 656
278 659
259 657
233 635
233 587
262 548
279 545
295 547
322 588
296 631
279 632
261 631
