111 410
116 454
123 497
129 537
139 576
161 607
193 631
233 645
278 648
324 644
365 629
399 606
422 572
433 534
441 493
448 450
456 405
138 369
162 348
192 337
226 335
259 343
308 340
342 334
375 332
405 340
427 360
284 377
283 401
283 425
282 451
252 488
267 490
282 491
298 490
313 489
175 391
195 376
218 376
240 393
219 397
194 398
325 391
347 373
371 373
390 386
373 395
348 395
215 559
237 536
263 525
281 530
300 526
324 538
346 562
323 570
299 574
279 574
260 573
235 567
227 556
262 546
280 547
300 547
335 560
299 548
279 548
261 548
