121 406
127 450
135 494
142 536
153 577
173 614
201 647
238 671
282 677
326 669
364 642
395 609
418 570
430 528
439 485
447 440
454 395
149 367
169 346
198 337
230 334
260 342
307 342
337 335
368 332
398 336
422 352
282 377
281 400
280 424
279 450
249 480
264 484
280 488
297 484
312 480
180 387
199 371
223 371
242 390
222 394
198 394
324 388
344 368
369 366
388 380
371 390
347 392
219 557
233 528
261 517
280 520
300 516
327 526
343 556
327 594
302 613
280 616
259 613
233 595
227 557
261 534
280 534
300 533
334 558
300 588
280 591
260 589
