107 385
113 430
119 473
125 515
137 556
160 591
192 620
230 642
273 650
317 645
358 625
393 597
419 562
433 520
443 477
452 432
460 386
138 365
165 350
198 348
232 356
264 366
307 366
338 356
370 347
403 347
430 362
283 386
282 411
281 435
280 461
248 492
264 495
280 498
296 496
312 493
175 385
195 374
218 375
239 392
216 396
193 395
327 392
346 375
371 374
391 385
373 396
348 396
217 557
240 546
263 540
279 545
293 541
315 550
337 562
313 576
291 582
276 583
259 580
238 572
227 557
262 557
278 559
292 559
327 562
291 560
277 561
261 558
