111 403
115 446
122 487
126 530
135 572
157 606
191 632
233 649
280 652
326 646
368 628
405 604
430 571
440 528
444 484
450 442
455 400
136 361
154 337
184 328
216 329
247 339
315 336
347 326
378 326
407 336
423 359
282 375
283 401
284 427
284 454
249 481
266 485
282 489
297 485
312 480
173 387
192 374
216 374
236 389
214 396
190 397
325 387
345 371
368 371
387 384
371 393
347 393
215 545
239 530
263 524
279 529
297 523
319 530
342 542
319 553
297 558
279 560
261 559
238 556
225 545
262 540
279 541
297 539
332 543
297 539
279 542
262 540
