103 379
110 426
120 472
129 517
144 561
172 597
210 625
252 645
296 647
338 635
375 608
408 577
433 540
444 495
448 449
451 404
452 358
126 369
151 352
184 352
217 358
249 366
301 362
332 348
363 339
396 334
422 348
278 387
281 417
283 448
286 479
249 498
267 503
286 507
304 501
319 493
167 390
187 377
213 377
234 394
212 402
186 402
320 386
339 365
364 362
384 373
368 387
343 390
218 554
240 543
264 537
285 542
305 534
329 536
351 541
332 561
310 573
289 579
267 579
242 572
229 554
265 551
286 552
306 547
340 543
308 550
287 555
266 555
