105 394
111 438
119 480
124 524
135 569
160 608
194 643
238 666
287 670
335 659
375 630
406 594
429 554
437 509
440 464
443 423
445 380
131 366
149 342
178 331
210 332
240 342
315 338
343 326
373 324
401 334
418 357
279 377
281 406
284 435
286 466
245 482
265 487
285 493
303 486
320 479
171 387
190 377
212 379
232 392
211 395
189 394
321 387
339 372
361 370
382 379
364 386
343 389
187 527
223 517
259 516
283 519
306 514
338 513
368 518
339 557
308 576
283 581
257 579
221 564
197 531
259 526
283 527
307 523
357 524
307 559
282 565
257 563
