105 403
111 448
120 491
129 536
140 580
161 620
194 653
236 673
283 678
329 669
369 646
404 615
426 577
436 533
443 487
449 442
452 397
133 343
146 312
174 297
206 297
235 311
320 307
349 292
380 291
407 306
420 335
279 368
280 395
281 422
282 450
248 481
264 486
281 489
298 485
313 479
170 385
187 369
213 369
235 387
212 396
186 398
320 383
340 364
366 363
384 379
369 391
343 392
221 562
238 535
262 523
278 528
296 523
320 532
338 558
322 583
298 595
279 598
261 597
237 587
232 561
262 542
279 542
296 541
326 557
297 571
279 573
262 572
