114 411
120 452
128 491
134 531
144 573
166 606
201 632
243 647
291 649
338 641
378 621
413 595
435 561
441 518
444 478
449 438
451 397
139 371
154 344
182 328
215 322
247 327
308 326
340 320
372 326
399 338
416 361
280 372
282 399
283 426
285 453
251 481
268 485
286 488
302 483
318 477
175 390
193 374
217 373
239 390
217 398
192 400
321 386
340 367
365 367
383 382
367 392
343 392
223 548
244 528
269 518
286 521
304 515
326 522
345 540
327 555
306 564
288 568
270 568
245 563
235 547
269 537
286 536
304 533
333 540
305 543
287 546
270 546
