104 402
111 445
119 487
124 529
133 571
156 606
191 633
234 653
285 656
333 649
376 628
412 601
435 566
443 524
447 482
453 440
457 396
132 365
151 341
181 328
214 323
245 330
312 326
344 320
376 327
403 340
422 361
281 375
282 406
283 436
285 467
249 493
266 497
283 501
300 496
315 491
169 390
189 375
214 375
235 393
214 400
188 401
322 389
343 371
367 370
386 385
369 395
345 395
213 556
237 539
262 531
281 536
302 530
325 537
347 550
327 563
304 570
283 574
262 573
237 569
224 555
262 548
282 550
302 547
336 551
303 549
282 552
263 551
