114 402
120 445
128 485
134 527
146 568
172 599
208 623
248 639
293 641
337 633
373 611
407 586
432 554
442 514
447 471
449 430
449 388
141 373
162 353
192 346
224 345
257 350
307 347
335 335
366 335
395 340
418 357
281 376
283 405
286 433
288 463
249 482
267 487
287 492
306 485
323 478
178 390
196 381
216 379
236 388
216 391
196 392
325 382
343 372
363 372
382 378
364 382
345 382
214 539
237 521
266 513
287 517
307 511
333 515
354 527
334 547
310 558
289 562
267 562
239 555
225 538
266 532
288 532
307 529
344 529
308 539
288 543
266 542
