114 367
119 413
128 459
137 504
149 549
172 589
204 625
241 653
286 661
333 654
372 628
404 593
427 553
441 508
450 461
459 414
464 366
134 339
154 315
185 313
217 321
247 336
310 329
344 316
378 310
412 316
432 342
281 375
281 406
281 438
281 470
250 492
265 498
281 503
298 499
314 495
174 378
192 366
216 368
235 387
214 393
189 391
330 388
349 368
374 366
393 379
378 392
353 394
220 555
239 542
261 538
281 544
303 540
328 547
352 560
329 584
303 593
280 593
259 590
237 578
231 556
261 554
281 556
303 556
340 561
303 568
280 570
260 566
