119 374
124 417
131 459
137 501
146 542
168 577
201 605
239 627
285 633
331 629
373 609
408 582
431 547
442 504
447 461
454 417
458 372
141 352
161 335
192 335
221 341
251 352
304 352
336 342
369 336
402 337
427 356
279 379
279 406
279 432
279 461
250 484
265 488
281 492
297 489
314 485
179 382
197 374
218 375
237 388
216 392
195 391
329 389
347 376
369 374
388 384
371 392
349 393
217 537
239 530
261 527
282 533
302 528
325 533
351 539
326 555
302 561
281 561
260 559
238 551
226 539
261 539
282 542
302 540
341 541
301 540
281 541
260 538
