126 379
130 421
136 462
140 502
149 541
169 575
200 602
236 625
281 633
327 630
368 611
403 585
427 551
439 512
446 471
454 430
459 388
147 352
164 328
194 318
226 319
256 331
303 336
338 330
374 333
406 344
427 368
283 373
282 402
281 431
280 460
249 480
265 486
281 491
298 487
316 483
184 377
201 368
222 369
241 384
220 388
199 386
331 388
350 375
371 376
389 387
372 394
350 393
215 534
238 526
261 523
281 530
301 525
326 530
350 540
325 554
301 559
280 559
258 556
236 548
224 535
260 536
281 539
301 538
341 541
301 538
281 540
260 536
