121 369
125 413
130 455
135 497
147 539
172 575
204 607
241 635
286 643
332 637
373 611
408 579
434 541
447 500
452 456
456 412
459 366
136 356
157 337
188 334
218 340
249 351
308 350
342 340
375 335
408 339
432 360
281 380
280 410
280 440
279 470
242 478
261 485
281 493
303 486
323 479
178 381
198 377
217 379
236 388
215 389
196 387
331 389
350 380
370 378
391 383
371 389
352 390
191 508
224 509
256 513
284 519
311 514
346 511
382 512
348 550
312 567
284 570
254 566
221 547
201 514
256 523
284 528
311 524
371 516
311 548
284 552
255 547
