119 362
123 405
129 447
134 488
145 530
167 567
201 595
240 617
286 624
332 619
371 599
404 571
425 534
436 492
442 450
449 408
454 364
142 359
167 344
200 346
232 355
263 367
301 370
334 361
367 354
401 354
426 370
283 382
283 410
283 439
284 469
247 481
264 488
284 494
303 489
320 482
182 377
201 374
220 376
238 384
218 385
199 384
331 387
350 381
369 382
389 385
370 390
350 390
219 540
241 532
264 529
285 535
306 529
328 532
349 541
329 557
306 562
285 563
263 562
240 557
228 541
263 541
285 544
306 541
340 541
306 546
285 548
264 545
