115 366
121 412
130 457
137 501
148 544
170 584
203 616
242 642
288 650
335 643
377 620
413 588
436 548
448 502
454 456
463 408
469 358
135 363
161 347
194 349
227 357
260 366
302 364
338 355
373 348
408 348
436 364
282 383
282 414
283 447
284 480
248 493
265 501
284 506
304 500
322 494
179 379
198 375
218 376
237 385
217 388
197 387
333 385
353 376
373 376
392 381
374 388
354 388
225 555
245 547
266 545
286 551
307 546
330 550
351 555
330 570
306 575
285 576
266 574
243 567
233 555
266 555
286 559
307 556
342 556
305 558
285 560
266 557
