124 395
131 439
140 482
147 523
160 563
184 598
218 626
255 648
299 654
343 645
381 621
414 591
436 554
446 512
452 469
458 425
462 379
140 369
159 347
190 342
222 344
253 353
301 351
335 342
369 339
403 344
428 364
281 379
282 407
282 435
283 464
252 483
268 489
285 493
303 488
320 482
181 384
199 375
219 376
239 387
218 389
198 389
330 386
349 374
370 373
390 382
371 387
350 387
225 542
243 528
266 522
289 528
311 522
337 526
358 539
340 568
315 583
291 587
267 584
242 570
235 544
267 534
289 536
312 533
348 541
313 559
290 562
267 559
