112 415
121 456
133 497
142 537
155 576
179 609
213 635
252 654
297 657
341 649
377 624
406 593
424 558
431 517
435 477
441 438
445 398
132 376
149 348
181 334
217 335
250 347
300 345
332 329
368 324
403 335
423 361
279 379
280 405
282 432
284 460
256 490
271 493
286 495
300 492
313 488
172 394
190 379
212 378
233 392
213 399
190 401
323 387
343 370
366 369
383 382
368 392
345 392
228 555
250 540
270 531
286 535
302 530
323 537
346 546
324 555
304 560
288 562
272 563
251 561
236 553
271 544
287 545
303 543
337 545
303 542
287 545
271 545
