118 403
126 446
134 487
141 529
155 568
180 601
214 630
252 654
298 659
343 650
377 622
405 591
426 554
435 513
439 471
445 431
450 388
136 369
152 340
183 327
218 327
251 337
310 337
343 323
378 319
411 331
430 358
283 374
284 404
285 433
286 464
251 482
269 487
286 492
303 487
318 482
177 389
194 375
217 374
237 388
217 394
194 395
327 386
348 369
371 368
389 381
373 390
350 391
209 534
236 519
263 515
285 519
308 516
336 519
364 527
338 554
310 567
287 569
264 568
236 557
219 534
264 526
285 528
308 526
353 528
309 548
286 552
264 550
