111 385
115 432
123 478
131 523
143 567
166 607
199 639
239 664
282 670
327 662
365 635
394 601
413 560
422 516
430 473
440 429
447 383
133 365
158 347
192 347
227 353
259 364
295 364
329 353
364 345
400 347
426 365
279 385
280 418
280 451
280 485
251 502
265 509
279 513
295 510
308 505
173 385
192 375
214 375
234 389
213 393
191 394
324 389
345 374
367 374
386 384
369 393
346 394
225 565
242 549
261 541
279 548
297 543
318 551
334 565
318 588
298 597
278 598
259 596
240 586
235 564
261 558
279 560
297 558
324 564
296 564
279 567
261 564
