113 418
121 462
134 506
146 548
161 590
183 628
212 662
248 690
291 697
335 688
371 659
399 623
418 584
428 540
437 497
445 452
450 407
132 371
148 340
181 327
216 327
249 339
300 340
334 325
371 322
405 334
426 364
277 376
278 402
279 429
279 457
254 489
267 493
281 495
295 493
307 490
170 389
187 370
212 369
232 388
211 396
187 397
324 387
344 365
369 365
387 383
371 393
346 393
233 583
243 547
264 530
280 534
297 531
320 548
334 581
322 612
301 626
282 628
264 626
243 612
244 580
265 551
281 551
297 551
321 579
298 593
281 595
264 593
