111 393
118 437
127 479
133 521
144 562
167 600
201 631
239 654
282 661
324 653
361 628
389 596
405 558
412 518
417 479
427 440
433 398
139 365
159 341
191 333
225 336
257 347
302 351
332 339
365 335
396 345
415 368
280 379
281 407
281 435
282 465
253 490
267 494
281 498
293 495
305 492
179 386
196 376
215 375
233 387
215 392
195 392
321 389
341 377
361 378
377 389
361 395
341 394
227 560
242 539
261 530
277 535
293 531
312 541
326 560
312 570
294 574
277 575
260 574
242 570
237 556
261 546
277 547
293 546
316 557
293 554
277 555
261 554
