115 382
116 425
119 468
121 510
129 552
148 590
176 622
214 648
259 657
305 654
342 633
369 603
387 568
398 530
408 492
420 454
428 413
147 340
169 318
203 315
235 324
266 341
306 350
337 339
369 334
400 343
417 370
283 375
282 404
281 432
279 462
244 481
259 486
274 492
289 491
303 489
178 372
195 357
219 361
236 383
215 388
191 385
322 393
341 375
365 376
381 395
366 404
342 403
205 547
224 521
249 514
269 521
290 519
313 531
328 557
310 581
287 587
264 586
242 582
219 572
215 547
247 531
268 534
289 535
318 556
288 559
266 560
245 557
