112 395
119 440
130 484
140 527
151 570
174 609
206 642
246 668
291 673
335 664
373 636
399 602
417 562
424 519
430 478
439 437
444 394
134 360
156 337
190 333
224 341
255 355
301 355
333 342
367 334
400 340
422 363
280 381
281 408
282 435
283 463
253 484
267 490
282 495
296 492
309 489
173 383
190 369
213 370
232 388
212 394
189 394
326 389
345 370
369 370
386 385
371 395
347 395
233 568
245 537
264 524
281 529
298 526
319 541
331 569
319 588
299 596
281 597
263 596
244 588
244 566
265 546
281 547
298 547
319 566
298 568
280 570
263 569
