109 371
114 417
123 462
132 506
146 549
171 589
202 622
240 648
283 656
325 647
362 620
394 587
417 548
430 504
437 458
444 413
448 364
137 368
158 346
190 342
224 346
256 358
303 356
333 345
366 341
396 347
418 366
279 377
279 412
280 446
281 483
241 482
259 494
281 503
303 494
321 482
175 385
195 381
213 380
234 385
214 385
196 386
323 385
343 379
361 380
381 384
362 385
343 385
220 536
243 528
265 525
283 529
302 524
325 525
347 531
325 556
303 569
283 573
264 571
242 559
230 538
265 536
283 538
302 535
336 533
301 547
282 551
264 549
