105 356
111 406
122 454
134 500
149 544
175 584
208 617
246 642
288 649
330 641
367 614
402 581
427 541
441 496
451 450
459 402
463 353
133 362
163 349
197 351
231 358
264 366
299 366
332 357
365 350
399 350
429 361
281 383
282 421
283 459
284 498
245 503
263 514
284 521
304 514
321 503
173 381
194 376
216 377
237 387
214 391
192 391
326 387
348 376
369 376
391 381
371 390
349 391
221 557
247 551
268 547
285 551
303 546
324 550
349 552
325 570
305 576
286 578
269 577
247 572
232 558
268 559
285 560
303 557
338 555
304 558
286 561
269 559
