118 389
123 433
131 477
141 521
154 564
176 602
207 632
245 653
289 659
333 651
373 629
409 600
433 562
445 518
452 471
457 425
459 378
140 347
155 321
184 309
215 309
246 318
313 316
342 304
374 302
404 314
421 341
277 368
278 399
279 429
280 460
248 485
264 491
282 495
299 490
314 484
173 383
192 368
217 367
238 384
216 393
191 394
321 383
343 365
368 364
386 379
370 391
344 392
228 559
248 540
268 530
283 533
298 528
321 537
344 553
323 568
302 576
285 577
269 577
249 571
239 557
269 549
283 549
299 548
333 552
300 553
284 555
269 554
