108 387
113 434
122 479
132 524
147 568
171 606
205 636
244 658
289 664
333 657
373 635
410 605
437 565
450 519
456 471
462 423
465 377
133 358
153 335
183 327
216 329
247 339
310 337
342 326
375 324
406 333
427 354
279 373
280 406
280 438
281 472
247 495
264 501
282 505
300 500
317 495
171 387
192 376
215 375
236 388
215 394
191 395
323 387
345 373
368 373
388 383
370 392
346 392
219 555
245 546
267 539
284 543
301 538
327 545
356 551
328 566
303 574
286 576
269 575
246 569
230 556
267 554
284 556
301 553
346 552
302 554
285 556
268 554
