110 381
116 428
126 474
137 519
152 563
177 603
212 634
252 656
297 661
340 651
378 624
410 590
433 550
444 506
450 461
455 415
457 369
136 363
156 341
186 334
218 334
249 343
307 341
337 330
369 327
399 334
420 353
278 374
280 409
281 444
283 480
248 497
266 504
285 508
303 502
320 494
173 387
193 377
215 376
236 388
215 392
193 393
323 385
343 371
365 371
384 380
366 387
344 388
223 559
247 548
269 541
286 545
304 539
327 543
352 552
330 569
308 579
290 582
272 581
249 574
234 560
270 558
287 559
305 556
342 554
306 558
288 561
271 560
