115 366
120 412
127 456
134 498
147 541
170 580
200 614
237 642
282 651
327 644
368 618
401 585
427 548
442 505
449 459
455 412
459 363
133 358
152 334
184 328
217 332
249 345
310 347
341 335
374 331
406 338
428 360
279 374
279 410
279 445
279 481
241 485
259 494
280 502
301 494
321 484
175 377
195 370
215 371
237 382
215 383
194 382
325 383
346 373
366 373
388 380
367 385
346 385
205 516
234 521
261 523
282 527
303 523
332 521
365 517
333 550
304 564
282 566
259 563
232 549
215 521
260 529
282 532
303 530
354 521
304 546
282 549
260 545
