106 395
112 442
122 490
134 537
150 582
175 623
208 657
247 682
292 688
335 678
374 651
407 616
429 574
442 527
449 479
455 431
456 384
131 347
146 316
176 301
210 303
240 316
313 315
342 300
376 298
406 312
422 341
277 369
279 399
280 429
282 461
250 490
266 496
283 500
299 496
314 490
169 385
188 368
214 368
236 387
214 396
187 397
319 386
342 366
368 364
386 381
370 394
343 394
229 571
248 546
270 533
285 537
299 532
323 544
344 567
325 594
304 605
287 608
271 606
249 596
241 570
271 555
285 554
300 554
332 567
301 578
286 580
271 579
