131 382
135 425
142 467
149 508
160 550
179 587
208 618
243 640
285 647
327 642
366 621
399 591
424 553
437 510
444 467
450 422
454 375
154 368
173 350
201 345
230 348
256 358
304 352
332 341
362 337
392 344
414 361
281 380
280 410
280 440
279 471
252 488
265 494
281 497
297 494
312 489
186 384
203 372
224 373
244 388
223 392
202 392
324 387
343 371
364 370
381 381
366 391
344 391
229 548
247 532
265 525
283 529
302 524
322 532
342 547
322 556
302 560
283 561
265 560
247 556
239 546
265 538
283 540
302 538
332 545
302 539
283 541
265 539
