134 378
139 421
146 462
152 502
163 542
182 580
209 612
242 638
280 648
320 644
358 622
390 593
416 556
431 514
439 471
447 426
452 379
158 371
176 357
202 356
229 359
254 366
310 368
336 360
364 355
392 358
413 372
282 385
281 416
280 447
279 479
246 483
262 491
280 498
300 491
317 483
189 384
207 377
224 378
241 388
222 387
206 386
326 388
344 378
362 377
380 385
362 387
344 387
230 537
243 519
263 515
283 519
304 515
327 520
344 539
328 564
305 573
283 575
262 572
242 562
238 537
263 524
283 526
304 525
336 538
304 554
283 556
262 553
