134 382
138 426
146 468
153 510
165 552
184 591
212 625
246 651
289 659
333 651
370 626
401 593
422 554
435 511
443 469
448 424
451 379
158 357
177 340
204 337
231 342
256 352
307 349
334 339
363 336
391 341
410 358
282 380
282 410
282 440
282 472
253 487
267 494
283 498
300 493
316 486
187 381
204 366
226 368
245 387
224 392
201 391
325 387
344 367
367 365
384 380
369 391
346 391
235 552
247 531
268 524
286 528
305 523
328 529
345 548
330 575
308 588
288 591
268 589
248 577
244 552
268 539
287 539
305 538
335 549
307 564
288 566
269 564
