132 377
135 420
139 461
146 502
159 542
180 579
208 613
242 641
282 650
323 643
359 617
390 583
415 545
429 505
436 461
441 417
443 372
156 367
173 349
200 346
226 352
249 364
308 360
333 347
361 343
389 347
408 365
279 384
279 416
278 448
278 480
246 485
262 493
279 500
298 493
314 486
186 384
204 374
223 375
242 390
222 392
202 391
321 389
340 374
360 371
378 382
362 390
341 391
211 519
235 517
261 520
282 524
301 520
330 518
359 517
332 554
303 571
282 574
260 571
234 554
219 523
261 527
281 530
301 528
351 521
302 553
282 556
261 553
