129 377
132 421
140 464
149 508
162 552
180 593
208 629
242 658
283 667
326 660
362 633
392 598
414 557
428 513
437 470
445 424
449 378
156 347
173 329
200 326
225 333
248 346
313 343
338 331
365 326
393 331
412 349
282 380
281 410
281 439
280 469
255 491
267 496
281 500
295 496
308 491
185 382
201 367
224 369
243 389
222 396
199 395
323 389
342 369
365 367
381 383
367 395
343 395
233 557
247 540
267 532
282 536
298 532
320 541
335 558
321 586
299 597
282 599
265 596
246 585
244 557
267 548
282 550
298 549
324 558
298 570
282 572
266 569
