131 373
135 419
142 463
150 506
164 549
185 587
212 622
244 651
284 660
326 651
362 625
393 592
418 552
433 508
442 462
449 415
453 367
155 367
175 354
203 355
230 362
257 370
305 371
332 361
362 353
391 354
416 368
281 387
280 420
280 452
279 486
246 487
262 497
281 504
301 497
318 487
185 380
202 371
222 373
241 388
220 388
200 386
325 388
343 373
364 371
383 380
365 386
344 388
231 548
243 527
263 521
282 526
302 521
325 527
340 547
326 578
304 594
283 596
262 593
243 577
241 547
263 531
282 533
302 531
331 545
303 571
283 575
263 571
