128 382
133 424
140 464
147 504
159 545
180 582
209 611
244 634
286 640
328 634
364 611
395 581
417 545
429 504
435 463
441 420
446 378
155 362
175 348
201 346
228 350
252 361
306 357
332 345
360 341
387 345
408 360
280 381
280 410
280 439
279 468
253 487
266 492
280 495
295 491
308 486
185 384
201 374
222 374
240 389
221 393
200 393
321 387
339 372
360 370
377 381
361 390
341 391
228 542
247 532
265 527
281 531
298 526
317 531
339 540
319 554
299 560
283 562
266 560
248 555
237 542
265 538
282 540
298 538
330 540
298 540
282 542
266 540
