131 415
136 453
143 492
150 530
160 567
180 598
210 621
246 636
287 641
327 636
363 621
392 597
411 566
421 528
425 488
430 448
431 408
160 369
177 352
202 346
228 345
253 354
306 354
330 344
357 343
382 349
399 366
280 381
281 405
282 428
283 453
255 482
269 485
284 488
297 485
310 482
188 389
204 377
224 377
241 392
223 395
203 395
319 390
336 375
356 374
372 385
357 392
337 392
232 545
252 531
270 523
284 526
298 522
317 530
338 542
318 551
300 555
286 556
271 555
253 552
241 544
270 537
285 537
299 536
329 542
299 538
286 539
271 538
