131 384
133 427
139 470
145 512
158 553
179 588
209 614
243 633
280 640
317 635
350 617
378 592
399 559
412 520
421 480
429 437
432 393
163 367
185 354
211 354
238 358
263 366
299 370
325 361
353 360
381 363
402 377
281 385
280 411
280 437
279 464
248 484
263 488
279 491
295 489
310 485
193 380
210 374
226 376
244 387
225 388
208 387
319 390
336 379
354 380
371 387
354 392
336 392
235 537
251 527
266 521
280 525
293 521
308 525
326 535
309 541
294 545
281 546
267 545
252 543
241 535
266 530
280 531
293 529
319 533
294 531
281 533
267 531
