131 397
135 437
142 476
149 514
160 552
182 585
213 609
250 627
291 630
331 624
364 603
391 578
408 546
416 507
420 469
424 430
425 391
162 372
182 357
208 354
236 356
260 366
299 366
322 355
349 352
375 356
394 370
281 384
282 410
283 436
285 463
254 481
269 486
285 490
299 485
312 480
193 384
208 377
225 377
241 388
224 389
208 388
318 387
334 376
350 376
366 383
352 387
335 387
233 542
250 524
269 516
285 520
301 515
319 523
334 538
320 548
304 552
287 554
270 553
251 550
242 540
269 533
285 533
302 531
325 537
302 533
286 535
270 534
