137 417
143 456
151 493
156 530
166 567
186 597
217 619
254 632
295 635
335 630
371 615
401 594
421 564
429 526
432 488
435 448
437 408
164 374
178 352
203 339
232 334
259 340
298 338
326 331
356 334
382 346
400 367
281 376
281 402
282 429
283 457
255 485
270 487
285 489
300 487
315 483
193 388
208 376
227 376
245 389
227 391
209 392
320 387
338 373
356 373
372 384
357 389
338 389
233 546
252 530
271 521
288 524
304 519
325 527
347 544
327 548
307 551
290 552
274 551
254 550
242 544
272 536
288 536
304 534
338 541
305 536
289 537
273 536
