130 390
132 430
136 470
139 510
150 551
172 586
202 616
238 638
279 647
319 642
355 620
386 591
408 557
419 517
424 477
427 439
428 400
161 361
180 345
205 341
231 343
255 353
313 355
336 346
362 346
386 352
401 369
283 382
283 408
283 435
283 463
247 479
264 484
282 489
300 485
317 479
190 381
206 372
224 374
242 388
222 388
204 386
323 390
340 378
358 377
374 387
358 391
340 391
204 522
231 515
260 514
281 517
302 513
329 516
355 524
329 554
302 565
281 567
258 564
230 551
212 525
260 522
281 525
301 523
346 527
302 550
281 552
259 549
