125 407
129 447
135 486
139 526
150 565
170 596
200 620
237 637
278 643
319 639
354 622
383 598
402 567
411 529
417 490
422 452
424 413
163 357
181 338
207 330
236 328
262 336
305 338
330 332
357 336
380 346
395 366
283 376
283 401
284 426
284 452
252 480
267 483
282 487
296 485
310 482
189 381
205 367
225 369
242 387
223 390
203 389
317 390
334 373
355 373
371 388
355 395
335 394
222 538
243 523
265 516
282 519
297 516
317 524
335 542
316 556
297 561
281 561
264 559
242 553
232 538
265 530
281 531
297 531
326 542
297 545
281 545
265 544
