121 408
125 453
132 497
143 540
160 582
183 621
213 656
247 680
285 687
323 679
355 653
381 617
400 576
413 535
423 491
427 446
427 401
155 357
169 333
194 320
224 318
251 330
306 330
331 317
360 315
386 328
400 352
280 375
281 399
283 422
284 447
256 484
269 486
284 488
298 486
311 483
184 385
200 369
222 368
241 387
221 393
199 394
315 387
333 367
355 367
371 383
356 392
333 392
238 573
250 542
272 528
284 531
295 527
317 540
328 571
318 611
298 630
285 633
270 631
249 612
247 572
272 544
284 544
295 544
320 570
296 608
285 610
272 608
