130 394
131 434
136 472
140 511
150 550
169 585
198 613
235 634
275 641
316 635
353 617
384 591
406 557
418 519
423 479
429 439
433 399
157 363
176 345
203 340
230 344
257 355
313 357
340 346
367 341
394 347
411 366
283 381
282 404
281 427
280 452
252 478
265 482
279 485
294 482
308 479
191 385
207 374
228 373
245 387
226 391
206 392
323 389
340 375
360 375
376 388
361 394
341 393
221 539
239 524
261 518
279 524
296 519
318 526
337 541
318 556
296 564
278 565
258 563
238 555
231 539
260 537
278 539
296 538
328 541
296 540
278 542
260 539
