126 383
129 426
134 469
141 511
156 551
180 586
210 614
244 637
281 646
318 638
352 615
381 586
404 551
418 511
424 469
430 425
432 382
154 371
176 356
204 356
232 363
259 372
303 373
330 363
359 355
389 354
411 370
280 386
280 414
279 440
279 469
244 484
260 490
279 495
299 490
317 483
189 383
206 378
223 378
240 386
222 386
205 386
320 385
337 377
355 376
373 381
356 384
338 384
224 545
240 530
260 526
280 531
299 525
320 530
338 543
322 563
301 574
281 576
260 573
240 562
233 543
260 537
280 540
299 538
329 542
300 550
281 552
261 549
