124 395
124 438
129 481
137 524
150 566
170 607
197 641
233 666
271 676
310 669
346 645
374 611
396 573
409 531
419 489
426 446
428 402
152 346
168 322
195 311
224 313
251 326
314 329
340 318
368 315
393 327
407 351
280 373
279 398
278 425
277 451
250 481
262 487
276 491
291 488
305 483
185 381
202 365
225 365
244 385
223 391
200 391
316 387
335 368
358 367
374 384
359 394
336 393
224 557
237 534
259 524
276 529
293 525
314 536
328 562
314 593
294 605
276 606
256 603
236 588
234 557
259 544
276 545
292 545
317 562
293 576
277 578
258 575
