128 397
130 437
134 478
139 517
150 555
171 590
200 618
238 638
279 645
321 639
357 618
387 590
408 556
418 518
423 479
429 440
433 401
163 364
182 347
208 340
236 339
263 344
309 345
336 340
364 340
390 348
407 367
284 378
283 407
282 434
281 462
250 483
265 489
281 493
297 489
313 484
193 385
210 373
230 373
247 386
228 389
209 389
320 387
338 374
358 374
375 386
358 390
338 389
218 541
237 526
260 520
280 526
300 520
323 525
342 540
324 560
302 571
281 573
260 571
237 560
228 542
261 540
281 541
300 539
332 541
301 543
281 546
261 543
