134 402
134 443
137 483
143 523
154 561
173 594
201 621
237 639
277 646
317 639
354 621
384 595
405 563
417 526
424 488
429 447
432 407
163 372
179 350
206 341
235 339
263 345
306 347
335 342
364 344
390 353
406 374
282 379
281 407
280 434
279 463
244 480
261 486
279 491
299 486
317 480
192 385
208 373
227 373
245 387
226 389
207 388
322 388
339 375
358 374
374 386
358 389
339 389
215 540
232 520
257 515
280 520
302 515
326 520
346 539
326 560
302 570
280 572
256 570
232 560
223 539
257 530
279 532
301 530
337 539
302 549
280 552
257 549
