130 394
130 434
132 473
137 513
148 553
171 589
200 620
236 644
277 652
318 643
355 618
386 588
411 552
423 513
427 472
430 432
431 392
150 372
167 350
195 340
225 343
253 354
310 357
337 345
366 341
394 350
411 371
280 380
279 406
278 432
278 459
241 475
259 480
278 486
298 480
316 474
186 385
203 376
222 377
241 388
221 389
202 389
320 388
339 377
358 377
375 385
358 389
340 389
196 513
224 505
254 505
278 510
303 506
332 506
362 515
333 546
303 563
278 566
252 563
223 546
205 516
254 516
278 519
302 516
352 518
302 544
278 547
253 543
