133 409
137 450
142 489
149 527
163 563
186 592
216 614
251 629
289 633
326 626
360 609
389 586
410 555
421 518
426 478
430 437
432 396
158 382
175 360
203 352
233 355
261 363
303 362
329 352
358 347
387 351
406 372
281 377
282 402
282 427
282 454
248 470
265 474
284 478
302 472
320 466
191 389
207 380
224 378
242 385
224 385
208 387
321 383
338 374
355 374
373 381
355 381
339 381
228 533
243 512
264 502
285 506
304 501
327 508
345 528
329 547
308 557
288 560
267 558
246 550
237 531
265 519
286 520
305 518
336 527
306 536
287 538
267 537
