110 373
114 417
120 460
128 502
142 543
167 581
199 616
235 644
280 652
324 642
360 614
391 580
416 541
430 499
438 454
443 411
445 367
144 363
165 344
195 339
226 341
254 351
305 347
333 336
362 333
391 336
413 353
281 379
281 411
282 442
282 475
245 488
263 495
281 501
299 495
316 487
178 386
197 377
218 379
237 391
217 395
196 394
322 388
342 375
363 373
382 381
366 390
344 391
202 526
228 523
256 523
277 526
300 523
327 523
354 525
327 557
301 572
277 576
254 573
227 558
212 530
256 531
278 533
301 531
342 530
300 552
277 556
255 553
