105 390
110 435
119 480
131 523
148 565
172 604
205 639
242 666
285 672
327 662
362 633
391 594
410 553
425 509
433 464
438 418
441 373
145 354
166 334
195 329
224 332
252 343
301 341
328 328
357 322
387 325
407 342
281 376
283 403
285 431
287 459
256 486
271 490
286 493
300 489
312 485
177 386
193 372
216 373
235 390
216 396
192 397
322 385
340 367
363 364
380 376
366 389
343 391
228 556
243 536
267 526
284 530
301 525
322 534
336 554
323 584
303 599
284 602
265 601
242 587
237 556
267 542
284 543
301 541
326 555
301 573
283 576
266 575
