135 364
139 408
147 451
156 493
167 534
187 572
214 605
247 632
290 639
334 631
372 603
403 571
427 532
441 490
450 446
455 399
458 352
159 367
179 353
205 350
234 352
259 362
296 363
324 353
354 349
384 350
409 361
279 382
280 414
280 446
280 478
247 482
263 492
282 499
302 492
319 482
192 382
209 379
225 379
243 384
225 386
208 386
324 382
341 377
358 377
377 379
358 383
341 383
235 541
247 523
264 519
283 524
302 519
321 524
337 540
321 553
303 561
284 563
264 560
248 553
244 540
264 534
284 536
302 534
326 539
302 538
284 540
265 537
