113 377
118 421
126 464
135 506
147 547
170 583
200 612
237 635
282 640
327 633
367 609
401 580
425 543
437 502
444 457
450 413
452 369
146 357
165 337
194 329
226 327
256 337
303 338
332 329
364 328
393 335
415 352
280 375
281 408
281 440
282 474
250 494
266 498
283 502
299 497
314 492
181 384
198 376
219 376
239 387
218 393
197 393
325 385
344 374
364 372
383 380
366 390
345 390
218 551
240 539
262 533
282 537
301 532
321 536
341 546
322 558
302 565
282 567
262 567
239 563
227 550
263 545
282 546
301 543
332 546
301 544
282 547
263 546
