117 364
120 410
128 456
136 500
148 544
171 584
201 619
237 647
280 654
323 645
360 618
392 585
417 546
431 501
441 456
449 408
453 359
150 365
176 355
206 356
236 361
264 369
299 367
327 358
357 353
387 351
413 360
282 386
283 418
283 451
283 485
250 498
265 505
283 510
301 505
317 497
187 382
205 378
224 378
243 387
223 390
204 389
324 385
341 376
360 375
379 379
362 386
342 387
224 556
241 544
263 538
282 543
301 538
322 543
339 554
322 575
301 586
281 588
261 586
240 576
234 555
263 549
282 551
301 548
330 555
301 561
282 564
262 562
