106 374
111 418
119 462
128 505
141 547
165 584
198 615
235 640
279 645
322 638
358 613
389 581
411 542
423 500
431 456
438 412
441 368
143 359
166 341
196 338
228 341
257 352
301 352
329 340
360 336
391 339
412 358
281 380
282 410
284 440
285 470
252 493
268 497
283 500
299 497
313 492
178 384
196 374
218 375
237 390
216 395
194 394
322 388
341 374
363 372
381 381
365 392
342 393
218 547
242 540
264 535
281 540
297 535
316 539
338 544
317 560
298 567
282 569
264 568
242 563
227 548
264 546
281 548
297 546
328 546
297 548
281 550
265 548
