130 389
135 430
145 471
154 511
167 549
188 584
218 614
254 637
297 642
339 633
377 609
408 578
431 541
444 500
450 458
454 414
456 371
159 366
179 350
205 344
234 343
261 350
300 349
327 340
356 337
384 339
409 351
282 377
284 405
285 434
287 463
258 484
273 489
289 493
305 488
319 481
188 385
205 374
225 375
244 387
224 392
204 392
327 382
344 367
365 365
383 374
366 382
346 384
232 546
248 529
269 521
288 526
307 520
329 526
348 541
330 557
309 567
289 570
269 569
249 561
242 545
269 537
288 538
308 535
338 541
308 545
289 548
269 547
