118 398
124 442
134 486
143 529
154 572
174 611
203 646
242 671
287 678
331 669
369 642
399 609
417 569
428 526
435 483
444 438
449 393
138 355
155 326
188 313
222 316
255 329
309 326
340 311
374 306
406 318
424 347
280 372
280 402
279 432
279 462
251 490
265 495
280 498
296 495
309 490
176 384
194 366
220 366
240 388
219 396
192 396
324 386
345 363
371 361
387 379
373 391
347 392
229 568
245 544
267 532
282 537
299 532
322 543
341 566
324 591
301 602
283 603
266 601
244 591
240 566
267 552
282 552
299 551
329 566
299 575
282 577
267 575
