121 404
126 447
136 489
144 530
155 568
177 603
208 631
246 651
289 654
333 647
372 626
405 599
425 564
435 525
441 483
448 440
453 397
139 370
159 347
191 338
225 337
259 343
299 341
332 329
368 326
402 335
426 356
278 376
278 406
278 437
278 469
250 494
264 498
280 501
296 497
311 492
175 390
193 375
216 374
238 391
216 396
193 398
325 387
345 369
368 368
387 380
371 391
347 391
219 559
241 541
263 532
280 537
298 532
322 540
346 555
324 562
301 566
282 568
264 567
242 564
229 556
263 547
281 548
299 546
336 554
300 544
281 547
264 546
