115 394
119 439
126 483
133 526
146 565
170 600
202 630
242 652
287 658
334 650
375 626
407 596
429 558
440 517
446 473
451 430
455 384
133 365
155 344
187 340
221 343
254 353
306 350
339 336
372 329
406 334
430 355
280 378
279 410
279 441
278 474
245 492
262 498
280 503
299 497
316 491
172 389
192 377
215 378
237 392
214 395
192 395
325 388
346 372
368 370
388 380
371 388
348 390
194 530
230 532
260 532
281 536
302 531
333 531
370 526
335 551
304 563
282 565
260 564
229 554
206 535
260 544
281 546
302 544
358 531
302 543
281 546
260 544
