124 395
128 438
136 480
145 522
155 562
174 597
203 627
240 648
286 652
334 646
375 626
406 598
427 561
437 520
444 478
451 433
455 388
145 371
167 354
198 353
229 357
260 363
300 362
331 353
363 346
395 345
422 360
279 381
279 411
279 440
278 471
243 484
260 490
280 495
301 489
319 481
179 388
197 378
217 377
239 389
217 392
197 393
327 386
347 373
368 371
388 380
370 386
349 387
219 540
238 521
259 515
281 519
302 514
325 518
347 537
327 548
304 554
283 556
261 554
239 549
229 538
259 532
281 533
302 531
337 536
303 534
282 536
260 534
