125 396
129 439
138 481
146 523
157 562
178 596
209 622
245 641
288 647
331 640
369 620
400 593
420 558
430 518
436 476
444 434
449 391
143 363
166 345
197 342
229 346
260 356
303 354
335 342
368 336
400 340
424 359
281 380
280 408
280 435
279 464
252 489
265 493
280 496
296 493
310 488
181 387
198 375
219 375
240 390
219 395
197 395
327 388
346 372
368 371
386 382
370 391
347 391
223 549
244 537
265 529
281 534
297 529
319 536
344 547
321 559
299 564
283 565
266 564
245 560
233 549
265 543
281 545
297 543
334 548
298 544
282 546
266 544
