121 402
127 445
137 488
145 529
156 569
173 606
202 637
239 660
284 665
331 659
372 636
403 607
424 570
436 529
444 486
452 442
458 397
143 359
162 336
193 328
228 327
261 334
303 332
337 322
371 321
403 329
426 351
280 372
280 401
279 430
278 460
251 488
265 493
280 496
296 492
309 488
177 384
195 368
219 368
239 387
219 394
194 395
328 384
348 363
372 362
390 378
375 390
350 391
225 560
245 540
266 529
282 533
299 528
322 538
344 559
323 572
301 577
282 579
266 577
245 573
236 558
266 548
282 549
300 548
333 557
300 554
282 556
266 555
