114 392
119 436
128 479
136 520
146 561
168 597
201 626
240 647
285 653
332 647
371 624
402 595
421 556
430 515
437 473
444 430
449 386
140 371
165 355
197 355
230 360
263 367
299 368
331 356
364 348
398 347
425 363
281 386
281 417
281 447
281 479
250 498
265 504
282 507
299 503
315 498
176 388
195 376
218 377
238 393
216 397
193 397
326 391
346 374
369 371
388 382
371 393
348 394
221 558
242 543
264 535
283 541
302 535
324 541
347 556
326 566
304 571
284 573
264 572
242 567
231 557
264 551
283 552
302 550
337 555
303 551
284 553
264 551
