125 417
130 456
136 493
144 530
156 565
176 594
205 615
238 630
278 634
320 631
356 617
387 597
409 568
422 533
431 494
438 455
443 414
154 358
175 340
201 333
231 331
260 338
305 337
332 327
362 325
390 334
410 354
282 371
283 389
283 408
283 427
255 463
268 464
282 465
294 465
307 464
186 386
203 375
222 373
241 385
222 390
202 391
320 384
338 372
358 374
375 385
358 391
338 389
231 534
247 506
266 492
279 494
292 492
311 506
326 533
310 540
293 543
279 544
265 543
248 540
242 530
266 512
279 512
292 513
315 530
292 520
279 520
266 520
