136 398
141 438
148 476
155 516
168 554
188 589
215 619
248 643
288 651
329 642
363 617
392 586
414 551
427 512
433 470
439 428
443 386
154 357
171 340
197 335
223 336
249 345
310 343
336 332
363 325
391 329
411 347
280 375
281 399
281 423
282 448
254 473
268 476
283 480
298 475
313 471
187 386
203 375
223 375
241 387
222 393
202 393
322 385
339 372
359 370
377 379
361 388
341 389
214 525
238 513
263 508
284 511
304 506
331 509
358 517
333 550
306 564
285 567
264 566
238 554
224 527
264 516
284 518
304 515
348 521
305 547
285 551
264 549
