128 364
132 410
140 454
149 498
163 539
184 577
210 611
242 636
278 645
315 637
348 611
377 578
401 540
417 498
428 455
436 409
441 363
159 346
183 338
211 341
238 348
263 360
312 360
336 344
364 333
394 331
416 346
285 386
285 416
285 446
285 477
253 489
267 496
283 501
300 497
314 490
190 379
208 371
228 373
244 387
225 390
204 388
323 389
341 375
362 372
379 381
364 390
343 392
227 551
246 537
266 530
281 535
297 531
316 538
334 551
316 574
296 585
280 586
263 584
244 574
236 551
265 539
281 540
296 539
324 551
296 563
280 565
264 563
