128 395
131 436
137 475
142 516
153 554
172 587
200 615
234 637
275 644
317 639
353 618
382 592
404 561
418 524
428 485
437 445
443 405
157 347
178 332
204 330
231 332
257 342
314 344
341 337
368 335
394 340
413 359
285 377
285 398
284 419
283 441
257 471
269 473
281 475
293 475
304 473
189 381
206 371
225 372
242 386
224 391
204 390
325 389
343 377
363 378
378 390
363 398
342 396
223 537
243 515
263 504
278 507
291 505
311 517
329 539
310 549
291 553
276 553
261 552
242 547
234 535
263 523
277 523
291 524
318 537
291 532
277 532
262 531
