129 402
134 445
141 487
149 529
161 569
178 606
204 639
238 663
279 672
319 664
352 641
379 610
400 575
415 535
427 493
435 449
441 405
155 352
175 334
203 330
231 332
258 339
309 340
336 329
364 324
391 330
409 352
282 376
283 396
283 417
283 440
256 471
268 474
281 476
295 474
308 471
188 384
204 370
225 370
242 386
224 394
202 394
321 387
339 370
361 371
376 385
361 395
339 394
234 553
245 520
264 504
279 507
294 504
313 519
323 554
312 578
294 589
277 591
261 589
243 578
244 550
264 522
279 522
293 522
312 552
293 565
278 567
263 565
