138 403
142 446
150 486
158 525
170 565
187 600
213 631
246 652
285 660
324 653
358 633
387 606
407 572
420 532
430 491
438 447
444 402
162 345
178 322
202 311
230 311
254 322
314 323
339 311
367 310
393 322
409 346
283 367
284 388
284 409
283 431
260 467
271 469
283 470
295 469
307 467
192 382
207 367
229 367
248 383
228 391
206 391
322 382
340 366
362 367
378 381
362 391
340 390
236 545
248 513
266 498
281 502
294 499
315 514
330 546
315 567
296 575
281 576
265 574
248 566
246 542
267 517
281 517
294 518
319 543
295 552
281 553
267 552
