130 379
136 422
145 462
154 502
167 538
188 570
216 596
250 616
289 622
327 615
358 594
387 568
408 535
420 496
427 455
434 411
437 367
153 363
175 351
202 350
229 354
256 361
307 359
332 348
359 338
387 336
411 349
283 381
285 407
287 434
288 461
254 473
270 479
288 483
305 478
321 471
186 383
204 377
223 377
240 386
221 388
203 387
324 384
342 374
360 373
379 378
362 383
343 384
241 529
256 511
274 502
289 505
304 501
321 507
335 525
321 537
305 545
290 548
274 547
257 541
251 526
274 518
289 518
304 516
325 523
304 520
289 523
274 522
