144 386
144 427
148 466
152 506
164 544
184 579
209 611
240 637
279 647
317 640
351 616
378 586
399 553
414 517
422 478
427 439
428 399
167 364
185 345
213 338
241 342
266 353
308 353
335 345
363 343
390 353
407 374
287 380
287 411
286 441
286 473
251 479
267 487
285 495
302 489
318 482
200 379
216 370
234 372
250 386
232 387
214 386
324 391
341 378
359 378
374 390
359 395
341 395
210 517
234 510
262 510
283 516
305 512
331 515
354 523
330 552
303 566
280 568
258 564
231 548
217 518
261 519
283 524
304 521
346 524
303 551
281 554
259 550
