133 386
135 427
140 468
146 507
158 544
178 578
205 605
237 626
275 633
312 627
344 607
371 581
391 550
404 514
412 477
419 439
422 400
165 359
185 343
212 341
237 347
262 357
302 358
328 351
354 349
380 354
397 372
282 384
282 413
281 442
281 473
250 485
264 493
279 499
294 494
307 489
196 380
211 371
230 372
244 386
228 389
210 388
316 390
333 377
351 378
365 389
351 394
333 394
224 539
242 528
261 523
276 529
292 524
310 532
327 543
309 554
291 560
274 561
258 559
240 552
232 539
260 538
276 541
292 540
318 543
291 540
275 542
260 539
