136 387
137 427
141 466
146 504
154 541
171 574
195 602
226 625
265 634
306 630
340 611
368 586
389 555
402 521
411 483
419 444
422 405
164 365
183 347
211 344
238 350
263 360
302 361
328 353
355 351
382 358
397 378
282 382
282 411
281 440
280 470
244 475
260 484
277 491
295 487
311 480
195 381
211 372
228 373
243 386
227 387
209 386
317 391
334 380
352 381
366 392
352 396
334 395
220 526
236 510
257 505
275 511
293 508
313 515
327 533
311 550
292 560
272 562
253 558
234 546
228 526
256 521
274 524
293 524
318 531
292 537
273 539
255 535
