137 396
139 438
145 477
153 515
165 552
185 585
211 613
241 636
279 645
317 638
349 616
378 588
399 554
414 518
423 479
430 439
431 397
164 368
185 356
212 356
239 360
265 367
296 367
323 361
350 356
380 357
403 370
281 385
282 416
282 448
282 481
254 495
267 502
282 507
296 503
309 497
195 385
210 376
228 376
244 389
227 392
209 392
321 391
337 379
355 379
371 389
356 395
338 395
228 550
247 548
266 546
280 552
293 548
311 550
330 554
310 563
292 565
278 565
264 564
247 560
236 551
265 557
280 560
293 558
321 555
292 547
279 549
265 546
