140 402
142 442
147 481
152 519
161 554
178 587
204 612
235 631
275 638
316 634
351 617
380 594
400 563
411 529
419 492
426 453
430 413
169 366
187 348
212 339
239 337
265 343
303 343
330 336
359 341
385 353
402 374
283 377
283 407
282 437
282 468
253 486
266 493
281 498
295 494
308 490
197 383
212 371
231 372
246 386
230 389
211 389
320 391
337 378
356 378
370 392
356 397
337 395
224 544
242 532
263 525
279 531
296 526
315 535
333 548
314 559
295 563
277 565
260 562
240 556
232 544
262 541
279 544
296 543
325 547
295 543
278 545
261 542
