136 396
137 439
142 482
148 523
159 564
178 601
203 633
235 656
273 663
311 657
343 635
369 606
390 572
404 534
414 495
422 454
425 412
163 356
180 333
209 328
237 335
263 347
306 350
332 340
359 337
387 346
401 369
285 381
284 409
284 437
284 466
252 484
266 491
282 496
296 493
309 488
195 381
210 368
230 370
247 387
229 391
208 390
320 392
337 375
357 376
371 391
358 398
337 398
227 555
242 531
265 520
279 525
296 522
315 534
326 559
314 586
294 598
276 600
259 598
239 584
236 555
264 536
279 537
295 537
317 558
294 574
277 576
262 574
