144 397
143 439
147 480
154 520
164 558
181 595
206 625
237 649
274 658
312 652
346 632
373 604
393 571
406 534
417 497
426 457
429 415
172 343
188 322
213 315
238 320
261 331
307 334
332 326
360 326
387 338
401 362
284 373
283 401
282 429
281 458
252 478
265 484
279 489
294 486
307 482
197 378
211 366
231 368
248 384
230 388
209 387
320 389
337 374
358 374
374 389
358 395
337 394
226 551
240 525
262 514
278 518
294 515
314 529
326 556
313 584
293 596
275 597
257 594
237 580
236 550
262 530
278 531
293 531
314 554
293 570
276 572
259 569
