127 387
128 430
132 472
136 514
144 556
164 593
192 623
226 646
270 653
316 651
361 634
400 608
431 574
448 533
457 489
464 443
468 398
151 369
172 349
201 341
233 339
262 346
311 343
343 335
378 337
410 349
432 371
283 379
281 411
278 443
274 476
241 492
258 499
276 504
296 500
316 496
185 384
205 375
227 375
247 389
224 391
203 390
329 390
351 376
373 376
394 386
374 392
351 392
204 543
225 529
252 524
275 531
299 526
327 533
354 550
325 560
296 565
272 566
248 563
223 556
214 542
251 544
275 547
299 545
343 549
297 543
273 545
249 541
