124 392
129 436
136 482
141 527
154 570
177 607
208 639
243 666
284 675
327 666
364 637
398 604
423 566
435 522
442 476
447 429
450 384
147 354
167 333
196 329
227 330
257 338
312 333
342 327
373 324
403 330
423 350
284 377
283 406
282 435
280 465
247 486
264 492
283 497
301 492
318 486
182 381
201 366
225 368
245 389
223 395
199 393
325 389
345 367
369 364
388 378
373 392
348 394
223 557
241 535
264 526
283 531
304 526
327 536
345 557
327 581
304 593
282 596
262 593
239 582
233 557
264 543
283 544
304 543
333 557
303 568
282 571
263 569
