118 401
120 440
122 479
126 521
137 561
161 592
195 618
232 640
276 647
320 641
361 620
398 594
425 563
438 525
443 483
447 444
449 403
142 372
160 350
189 340
222 337
253 347
313 344
344 334
377 335
407 345
425 369
282 373
282 397
281 421
280 447
243 469
261 475
280 480
299 476
318 471
182 385
202 377
221 377
242 387
221 389
201 388
325 386
345 376
365 375
385 383
366 387
346 388
197 514
229 511
258 509
279 514
299 511
328 514
361 520
327 539
297 546
277 547
255 545
227 535
209 517
258 520
278 523
299 522
349 523
298 529
277 530
256 527
