119 391
122 435
129 480
135 525
148 568
173 605
205 636
240 663
283 672
326 663
363 636
397 606
424 570
438 526
446 481
452 434
456 389
143 360
166 342
195 338
226 342
253 353
320 351
350 342
380 335
410 337
430 357
285 382
284 408
284 434
283 461
244 478
263 483
283 488
303 484
321 480
180 381
200 371
222 373
241 389
220 390
198 388
331 390
351 374
373 371
393 382
376 389
353 391
221 540
236 513
261 506
282 512
305 508
330 517
346 544
328 574
303 589
280 591
258 588
234 571
229 539
261 521
282 523
304 521
335 543
303 564
280 568
259 564
