116 398
122 444
131 490
140 534
154 579
177 617
208 650
243 675
285 684
328 674
367 647
401 614
425 576
439 531
446 486
452 439
454 393
142 361
162 337
193 330
225 335
255 347
316 342
345 327
378 321
410 328
429 352
284 377
283 402
282 427
280 454
252 485
267 489
282 493
298 489
313 484
179 384
198 367
223 367
244 389
221 395
196 395
327 387
347 365
372 363
391 379
375 392
349 393
229 565
246 541
267 529
282 533
298 529
319 541
337 564
320 587
299 599
283 601
265 599
245 588
239 564
267 546
282 546
298 546
326 563
298 575
282 577
267 575
