124 404
130 446
138 487
145 527
155 567
175 599
207 620
245 633
289 637
334 630
377 616
414 594
440 562
452 522
458 479
463 436
465 392
144 375
161 351
190 340
222 337
250 348
309 346
339 331
374 328
407 337
430 360
278 380
278 409
277 438
277 469
240 484
259 490
281 495
304 488
325 481
179 393
198 382
218 381
240 393
219 395
197 396
328 388
350 374
371 372
392 380
373 386
351 388
227 551
244 528
264 519
283 523
302 517
324 524
346 545
325 550
303 555
285 557
265 557
245 554
237 547
264 535
284 535
302 534
335 542
302 535
284 537
265 537
