126 403
130 445
137 485
143 526
154 566
176 599
208 624
244 643
285 649
327 643
367 623
403 599
429 566
441 526
447 484
452 442
456 400
147 375
167 355
197 347
230 346
260 355
308 352
339 340
373 338
404 345
426 367
282 379
281 404
279 429
277 455
250 483
264 487
280 491
297 487
313 482
184 389
203 379
225 378
245 392
224 397
202 397
326 389
346 375
369 374
388 384
370 393
347 393
223 549
245 536
265 527
280 532
296 526
317 535
342 548
318 557
297 561
281 562
265 561
245 557
233 549
265 541
281 543
296 541
332 547
296 543
281 544
265 542
