134 373
140 417
151 457
160 497
173 535
192 572
218 603
250 625
290 631
328 621
358 596
382 565
399 527
409 489
415 449
421 409
424 366
150 366
172 352
201 351
228 356
254 367
300 366
325 355
352 350
379 350
403 360
279 381
280 410
282 439
283 469
249 473
265 481
284 487
302 480
318 470
184 383
201 377
219 377
239 384
219 386
202 386
320 384
338 377
356 377
373 382
356 385
338 384
229 525
244 506
265 500
285 504
303 498
323 501
337 516
325 540
306 552
287 555
266 554
245 545
239 525
265 515
285 516
304 512
327 517
305 528
286 532
266 530
