137 386
141 426
150 464
158 502
169 539
186 575
213 603
246 623
285 630
325 623
359 601
385 573
401 538
410 499
416 461
423 422
426 382
156 359
175 343
200 337
227 338
251 349
308 349
332 337
359 334
384 340
402 356
280 378
280 406
281 434
282 463
255 484
269 488
283 492
298 488
311 483
188 387
203 377
222 376
241 388
222 392
203 393
320 387
337 375
356 374
373 383
357 390
337 390
231 536
249 526
268 519
284 524
298 519
317 525
338 534
319 549
300 556
285 558
268 556
249 549
240 536
268 534
284 536
298 534
328 534
299 535
284 536
268 535
