136 368
139 411
147 452
155 492
168 531
189 567
215 598
247 624
284 632
321 623
350 596
374 564
393 529
404 492
411 452
417 412
420 371
159 353
180 339
205 334
231 335
253 348
309 348
331 339
357 338
381 343
399 359
282 380
282 411
283 441
284 472
250 483
266 489
283 495
300 489
317 483
189 381
206 371
225 372
243 386
224 389
204 388
318 387
335 373
355 372
372 382
356 389
336 390
215 510
241 513
266 514
284 519
301 515
324 515
350 512
325 544
301 557
283 559
264 557
240 541
223 514
266 523
284 526
301 524
341 516
301 538
283 541
265 537
