138 360
143 404
154 446
165 487
179 526
198 564
223 597
252 625
287 634
323 625
354 598
380 564
398 525
409 484
417 442
427 398
431 353
152 355
175 344
202 349
227 359
250 373
301 376
325 363
352 354
381 350
406 358
277 390
277 421
278 452
279 484
248 488
263 497
281 503
300 496
316 486
185 379
201 374
220 376
239 388
219 389
199 388
320 389
336 378
355 377
374 381
357 388
338 389
241 542
254 528
270 521
286 525
300 519
318 524
332 536
320 562
304 576
288 580
271 577
254 566
252 542
271 535
286 536
300 533
321 536
302 549
287 553
271 551
