133 390
140 430
150 467
158 504
168 541
185 575
213 602
249 621
290 626
331 618
365 598
390 570
405 536
413 498
417 459
423 421
425 381
159 367
176 351
201 343
228 342
253 349
299 346
325 336
353 335
379 342
398 357
278 380
279 409
281 438
282 468
254 487
269 492
284 496
299 491
313 486
188 391
203 381
221 379
239 390
221 394
203 395
319 387
336 376
354 375
372 384
355 390
336 390
227 542
246 531
268 524
285 528
301 522
324 528
346 539
325 554
304 559
287 561
269 560
247 555
236 542
268 541
286 541
302 540
336 539
302 540
286 541
269 540
