132 384
136 428
147 471
158 511
172 552
191 589
218 621
248 643
286 650
322 642
352 617
375 583
391 545
402 506
411 466
416 425
417 382
153 353
172 335
200 330
227 331
252 343
305 342
329 331
356 330
380 335
398 352
279 381
280 409
281 438
282 467
254 488
268 493
283 496
297 492
309 487
185 384
201 370
223 371
240 389
222 394
200 394
316 388
333 370
354 369
370 382
356 393
335 393
235 550
250 533
269 525
283 529
296 525
316 534
329 550
317 578
298 590
283 592
268 590
248 577
244 550
270 542
283 542
296 541
320 550
296 565
283 567
269 564
