127 375
133 418
143 460
151 501
163 541
181 579
208 612
242 635
279 642
316 634
346 607
370 573
386 536
397 499
405 460
414 421
418 380
156 359
178 345
204 340
231 341
257 349
304 350
327 340
354 338
378 343
397 358
280 382
280 412
281 442
282 473
253 491
267 496
282 500
297 496
311 490
185 386
201 374
221 373
239 389
221 393
201 394
317 389
334 373
354 373
371 385
355 393
335 392
228 548
246 535
267 529
283 533
297 528
316 534
332 546
316 568
299 579
283 581
266 580
245 570
238 548
267 545
283 545
297 544
322 547
298 554
283 556
267 555
