130 395
137 439
147 484
159 526
174 568
194 607
221 641
256 663
299 666
341 658
372 630
394 592
409 551
420 509
427 467
432 423
432 378
156 346
170 324
195 314
221 316
247 323
301 320
327 311
354 309
379 317
397 336
276 366
278 390
278 414
279 439
254 472
267 474
283 476
297 472
312 468
185 386
200 370
222 369
242 386
222 394
200 395
314 382
330 363
353 362
370 375
355 387
333 388
230 555
242 523
269 509
287 510
304 507
333 517
352 547
338 587
311 604
292 607
271 606
245 591
239 555
270 528
288 526
305 526
342 548
308 578
290 580
271 579
