104 355
111 403
120 449
128 492
139 536
160 575
192 606
230 630
274 635
316 629
348 603
374 568
391 529
400 485
408 443
416 398
421 351
145 369
172 360
203 361
233 367
261 375
293 371
319 361
346 353
375 349
399 358
279 384
280 415
281 447
282 480
247 491
263 497
281 501
298 497
311 490
178 384
198 378
216 379
235 389
216 391
196 391
314 385
332 373
350 371
369 375
354 384
335 386
221 540
242 533
264 531
280 536
297 532
315 535
333 542
315 557
296 562
278 564
262 562
240 556
230 540
263 542
280 545
297 543
324 542
296 543
279 544
263 541
