122 376
129 424
139 473
149 519
165 564
184 607
211 648
246 677
289 684
331 674
364 642
386 599
403 554
415 509
424 464
431 417
436 369
147 354
166 331
195 327
225 332
254 343
303 340
330 328
358 322
386 326
404 345
279 376
280 401
281 426
281 452
252 479
267 483
282 486
297 482
311 477
181 385
197 370
221 371
239 389
219 396
196 396
318 386
335 367
358 365
375 378
361 390
338 392
227 558
241 528
266 516
284 518
302 514
329 526
346 554
332 601
306 621
285 624
265 622
240 603
237 559
267 533
285 532
302 532
336 556
303 593
284 597
266 594
