128 368
135 413
143 456
149 499
159 541
179 578
210 608
248 630
294 634
338 627
374 601
400 567
416 526
422 484
425 443
430 400
433 356
156 364
176 348
203 343
233 342
263 347
301 344
330 340
357 338
384 340
404 355
284 374
284 404
285 435
285 466
254 486
269 490
287 494
303 490
318 485
192 384
209 378
226 378
244 386
226 389
209 389
322 384
338 376
355 375
373 380
357 386
340 387
233 541
252 534
273 531
291 535
308 530
330 532
351 538
332 556
311 563
292 565
274 563
252 556
241 542
273 543
291 545
308 543
342 540
309 543
292 545
274 542
