127 388
133 429
139 469
145 509
155 548
175 585
204 617
239 641
284 648
329 642
364 616
389 581
407 544
416 505
421 465
427 424
430 382
151 355
167 332
194 322
222 322
251 331
305 332
331 324
359 323
385 332
401 353
279 370
279 394
280 419
280 445
249 470
265 474
281 478
298 473
314 469
187 384
203 375
222 375
241 386
222 390
202 390
317 385
334 374
353 373
370 381
355 388
335 388
208 522
232 511
262 506
283 509
303 506
335 509
362 521
337 560
306 575
284 577
262 575
232 560
217 526
262 519
283 521
303 519
354 524
305 554
284 556
263 554
