118 378
125 422
133 464
139 505
148 545
167 582
197 612
234 633
279 639
324 633
359 610
386 581
402 544
411 505
417 464
426 423
432 380
151 355
173 340
202 339
229 344
256 353
306 352
332 344
358 341
385 343
406 358
280 378
280 402
280 426
279 451
250 476
264 480
279 483
294 480
308 476
184 384
201 374
221 374
239 388
219 394
199 394
317 388
334 374
354 374
371 383
356 393
335 393
220 538
240 525
261 518
279 522
294 517
316 525
338 539
318 557
296 564
279 565
261 563
239 555
231 538
261 536
279 537
295 537
327 540
295 538
279 540
262 538
