137 362
145 405
153 447
160 489
172 529
192 565
219 597
253 623
295 630
338 623
372 596
399 562
417 522
427 480
433 437
437 393
439 349
159 353
178 338
205 341
231 349
257 359
300 352
326 337
354 327
383 324
406 339
281 377
282 402
282 428
282 455
255 469
269 476
284 481
300 476
315 470
194 381
210 373
229 374
246 386
228 391
208 390
321 384
337 371
357 368
374 375
360 387
340 388
240 526
252 514
270 509
286 514
302 510
322 517
337 532
324 554
305 562
288 563
270 559
252 548
249 527
270 527
287 529
302 528
327 532
303 536
287 537
271 533
