110 365
113 410
117 454
122 498
135 539
159 576
190 608
226 634
268 642
310 637
344 610
372 579
396 545
410 507
417 466
424 425
429 382
150 355
173 339
203 336
233 343
260 355
307 357
334 348
363 345
390 352
406 371
284 385
285 415
285 446
286 477
242 483
261 490
282 498
301 492
318 485
181 380
200 372
219 374
236 388
216 388
198 386
322 393
339 382
358 382
376 391
358 395
340 395
193 514
223 508
254 510
278 514
300 512
326 513
351 521
324 548
298 562
274 563
249 560
219 544
203 517
253 520
277 524
300 522
341 523
298 546
275 549
251 545
