117 365
121 411
127 456
133 498
145 539
169 577
199 607
233 631
273 640
312 634
345 611
374 581
396 544
409 504
418 464
426 421
432 377
159 364
183 351
212 349
241 353
266 362
306 365
332 358
360 356
386 360
406 375
287 382
287 411
288 439
289 468
251 475
267 483
284 489
301 485
315 478
192 381
209 376
225 376
242 385
224 385
208 384
323 388
340 381
357 382
373 389
356 392
340 391
226 526
241 509
262 506
280 512
297 509
314 515
325 536
312 558
294 568
276 569
258 566
238 552
234 526
262 518
279 522
296 521
317 535
295 547
278 549
260 545
