106 365
110 412
116 457
123 502
136 544
159 583
190 614
226 638
266 647
307 643
344 622
375 592
400 555
415 514
425 471
434 427
442 381
152 357
179 347
209 347
237 353
266 359
302 363
330 360
358 356
385 357
409 369
283 388
283 419
283 449
283 481
249 495
264 501
279 506
294 503
309 498
184 382
201 372
220 373
236 390
217 391
198 390
323 393
337 378
357 378
375 390
358 396
339 396
217 546
237 537
260 533
276 538
290 535
310 541
329 554
309 570
288 575
273 575
256 573
235 564
225 547
259 549
275 551
290 551
320 554
289 558
274 558
258 556
