109 377
113 422
119 466
125 509
138 549
162 583
196 608
233 629
274 636
313 633
347 613
378 588
401 555
416 517
423 475
433 432
439 388
150 351
174 335
203 331
233 337
261 347
305 350
334 342
363 338
392 345
410 365
283 382
284 411
285 439
285 469
252 489
267 493
282 497
296 494
309 490
181 381
198 370
219 372
237 389
217 393
196 392
321 392
338 375
359 376
376 389
360 397
338 397
221 543
243 531
264 525
280 529
294 525
312 533
332 547
311 555
293 558
278 559
262 558
242 553
229 542
263 540
279 542
293 541
323 546
293 542
279 543
263 541
