113 370
116 417
123 463
129 507
143 550
168 590
199 623
234 651
271 660
309 654
341 628
370 596
394 558
411 515
421 472
430 427
436 380
150 345
171 325
201 320
230 327
259 337
308 340
336 331
364 328
392 335
409 356
284 379
285 408
286 438
287 468
252 489
267 494
282 498
296 496
309 491
180 380
199 366
222 368
239 389
219 395
195 393
319 391
337 372
360 371
376 387
362 398
339 399
226 558
243 536
265 526
279 530
294 527
313 538
325 562
311 588
293 599
277 601
261 599
240 587
237 557
264 546
278 547
293 547
313 561
293 572
278 574
264 572
