103 380
107 427
114 472
121 516
135 556
161 591
196 619
233 642
272 649
310 642
343 619
374 591
397 557
410 517
416 476
423 432
428 388
145 364
173 350
205 348
236 355
267 362
292 361
322 356
351 350
380 353
402 369
282 384
284 411
285 437
287 466
253 489
268 492
282 496
295 494
307 491
177 383
195 371
218 372
235 390
216 395
193 394
316 391
332 373
354 374
371 387
356 396
334 396
222 549
243 533
265 523
278 527
292 523
311 534
326 551
310 569
292 577
277 578
263 577
242 569
233 548
264 544
278 545
292 544
316 550
292 550
278 551
265 550
