121 367
126 413
133 458
140 502
154 544
177 581
207 611
239 636
277 643
315 638
349 614
379 584
403 549
419 508
427 466
436 422
442 376
154 354
178 341
208 342
236 350
264 358
299 361
328 354
357 347
387 348
410 363
283 386
283 415
284 443
284 473
253 491
267 497
282 501
296 498
309 493
184 381
201 369
223 371
239 390
220 395
198 393
322 392
337 374
359 374
377 387
361 397
340 398
228 549
245 535
264 528
279 532
294 528
313 537
329 552
312 570
293 578
278 579
261 578
243 569
238 550
263 545
279 547
293 546
319 552
293 555
279 557
263 554
