121 394
127 437
136 478
143 518
153 556
173 591
202 617
239 636
284 639
328 634
367 614
398 586
419 550
428 510
434 469
440 428
443 386
147 375
170 357
200 354
231 356
263 361
300 362
331 355
362 350
393 351
416 368
281 383
281 409
280 434
280 461
247 483
263 486
281 490
298 486
315 482
182 389
200 379
222 378
241 392
220 396
199 396
323 390
341 375
363 374
382 385
365 393
343 393
224 531
243 518
264 511
280 515
295 511
318 516
341 528
320 544
298 552
282 553
265 552
244 545
233 530
264 533
281 534
296 532
332 529
296 529
281 532
265 530
