118 401
123 441
127 481
132 522
142 561
164 595
196 622
236 641
283 646
328 641
367 620
398 591
418 555
427 515
432 474
435 436
437 396
142 362
160 340
191 331
222 332
253 343
312 344
340 332
371 329
400 338
417 362
283 372
284 398
284 424
284 451
247 470
265 475
284 481
303 476
321 471
181 386
199 377
219 378
240 388
218 391
198 390
325 387
345 378
365 377
383 386
365 390
345 391
198 520
228 507
262 502
286 506
309 503
341 507
369 520
341 551
310 563
285 564
259 562
226 549
208 522
261 513
286 515
309 514
359 522
309 544
285 546
260 543
