121 418
129 456
137 493
143 529
151 565
171 594
203 615
242 627
287 628
332 624
370 608
400 586
418 555
423 518
428 481
433 444
437 406
145 373
164 350
193 340
226 338
256 348
307 347
334 336
366 334
395 342
414 364
283 375
284 399
284 423
285 448
256 476
270 479
286 481
301 478
315 474
183 393
200 381
220 380
241 391
221 396
200 398
323 387
342 375
362 375
380 385
363 391
343 391
223 535
246 519
268 509
286 512
303 508
324 516
346 532
325 540
304 543
287 545
268 544
246 542
234 534
268 524
286 524
303 523
336 532
303 523
287 524
269 524
