115 407
123 451
133 494
141 536
152 577
172 614
202 646
241 669
286 674
330 666
369 640
397 607
414 568
422 526
428 482
435 440
439 397
142 360
159 333
187 320
218 321
246 332
314 330
341 316
371 312
399 323
415 349
281 373
282 399
282 426
283 453
253 482
268 486
283 490
298 486
311 482
179 390
196 376
217 376
235 389
217 396
195 397
324 387
342 371
364 370
381 383
365 391
344 392
228 562
243 535
266 523
282 526
299 523
321 535
337 560
322 588
301 599
282 602
264 600
242 589
238 562
266 543
282 543
300 543
326 561
299 572
282 574
265 573
