126 419
133 459
140 498
147 536
157 573
176 606
206 633
244 651
289 655
335 648
372 626
402 598
420 563
427 525
432 486
438 448
442 408
153 368
170 344
197 330
229 324
259 332
316 328
344 318
375 318
402 332
417 357
287 371
287 396
286 421
286 447
256 477
271 481
287 484
302 480
316 476
186 392
203 378
224 377
244 389
225 396
203 398
328 387
347 373
368 372
385 385
369 392
347 392
228 551
245 526
269 514
286 517
304 513
327 524
346 546
328 566
306 574
287 577
268 576
245 569
239 549
269 535
287 534
304 534
334 547
304 550
287 552
269 551
