117 411
124 451
132 490
138 527
147 563
168 593
200 615
239 628
284 630
328 625
366 609
396 586
415 553
422 516
426 479
432 442
436 402
147 371
166 350
195 340
228 336
259 344
307 341
337 332
368 331
397 340
415 363
283 372
283 398
283 424
283 451
250 475
266 478
282 483
299 479
315 475
181 390
199 379
219 378
240 389
219 393
199 394
323 387
342 376
363 375
381 385
364 390
343 391
215 527
238 512
262 506
282 509
301 506
324 511
347 525
324 535
301 538
282 540
261 539
237 535
224 526
262 518
282 520
301 518
338 525
301 520
282 522
261 520
