121 395
127 437
135 477
140 517
149 556
170 589
200 615
237 632
280 636
323 630
360 612
390 586
412 552
421 513
426 471
433 430
437 387
146 379
167 359
197 352
228 350
258 357
304 354
332 345
364 345
394 350
414 371
282 375
282 403
282 431
282 460
246 473
264 479
284 485
303 478
320 471
184 390
201 381
220 380
240 389
220 391
201 392
324 386
343 375
362 375
380 383
362 386
343 386
219 525
239 512
262 508
282 513
301 507
323 509
344 521
324 532
303 537
283 540
262 539
240 535
228 523
262 520
283 522
302 519
335 520
302 522
283 526
262 523
