152 395
156 432
163 467
169 503
178 538
195 571
217 600
246 621
286 628
326 624
360 605
387 579
408 546
419 509
426 470
431 431
434 392
167 374
182 355
206 349
232 352
257 361
301 362
326 352
354 349
382 352
404 369
279 382
278 411
277 440
276 470
245 477
260 485
278 492
297 485
314 478
195 386
209 374
229 375
246 390
227 393
208 393
321 389
338 374
358 373
374 385
359 391
339 392
234 529
244 514
261 510
280 515
298 511
320 514
337 529
320 542
300 549
282 550
262 548
246 540
242 528
261 523
281 526
299 524
328 529
299 531
281 533
262 529
