140 412
144 448
150 484
155 520
164 555
181 587
206 614
237 633
275 639
314 634
348 617
376 593
396 562
407 525
413 489
420 451
424 413
163 370
180 350
206 341
234 342
261 351
301 352
326 343
354 341
381 347
398 367
280 380
280 406
279 432
278 459
251 485
264 489
279 493
294 490
308 484
192 389
207 377
226 376
244 391
226 396
206 396
319 390
337 376
357 376
372 389
357 396
337 395
224 544
243 531
262 525
278 530
294 525
314 531
333 545
315 556
295 561
279 562
262 560
242 555
234 543
262 538
278 540
294 538
324 545
295 542
279 543
263 541
