147 400
152 438
158 476
164 515
174 553
191 588
214 617
243 637
278 642
314 639
347 621
376 595
398 563
410 526
418 486
426 445
431 404
165 371
183 355
210 353
238 356
266 364
298 364
325 356
354 353
383 355
404 371
281 383
279 413
278 443
276 474
250 491
263 498
278 503
294 498
309 491
193 387
208 376
229 377
246 392
227 397
206 396
322 391
339 378
360 377
376 387
361 397
340 396
232 550
248 542
265 538
279 543
292 538
311 542
332 549
312 560
293 565
280 566
265 565
249 561
239 550
265 549
279 550
292 548
324 549
293 551
280 553
266 551
