146 392
145 427
145 462
148 499
159 536
178 570
202 604
231 633
270 645
311 640
346 616
376 586
401 554
415 518
423 480
428 444
430 409
167 362
182 342
208 334
236 334
263 344
313 347
341 338
370 339
396 348
411 370
286 378
284 407
282 436
280 466
243 476
261 484
281 492
301 485
321 478
198 383
213 373
232 374
250 388
231 390
212 389
325 390
344 378
363 378
379 389
363 394
344 394
203 509
229 508
259 511
281 515
303 512
333 512
363 517
333 548
302 562
279 564
255 560
227 543
212 513
258 518
281 522
302 520
354 520
302 546
280 547
256 543
