142 417
147 456
155 494
164 531
177 567
194 600
217 630
247 652
285 659
323 652
355 630
378 599
395 564
405 526
413 488
420 449
423 408
164 364
178 341
204 332
231 331
256 340
307 340
331 329
359 327
384 334
400 356
281 379
282 407
282 434
282 463
255 488
268 493
283 496
298 492
311 487
190 390
205 375
226 375
245 393
226 399
204 399
320 391
338 373
360 372
375 387
361 396
339 396
237 557
248 535
267 526
283 530
299 525
320 534
333 557
322 582
302 593
285 595
267 593
248 582
247 557
268 541
284 542
300 541
324 557
301 569
285 571
268 569
