151 411
156 449
163 484
169 520
177 556
194 588
217 615
246 635
284 640
323 636
357 618
386 592
406 560
417 523
424 486
432 447
437 407
170 372
185 352
211 343
240 340
267 345
304 345
331 338
361 338
389 345
409 365
285 380
284 411
283 442
281 474
253 492
267 499
283 503
300 498
315 492
196 389
211 376
232 376
250 392
231 397
211 397
325 391
342 376
364 374
379 387
365 396
344 396
231 550
248 538
266 532
283 538
299 533
319 539
339 550
320 564
300 568
283 569
266 568
248 562
240 549
266 545
283 547
299 545
330 550
300 549
283 551
267 548
