149 407
152 444
158 480
164 516
174 551
189 585
212 614
240 638
277 647
316 641
351 620
379 593
401 560
414 523
422 485
429 446
431 407
169 368
184 349
209 341
236 339
263 346
303 345
329 336
358 337
385 343
403 364
280 380
279 408
278 436
276 464
249 487
263 493
278 497
294 493
309 487
192 388
208 372
229 372
247 391
228 397
206 397
321 390
338 371
361 370
376 386
362 396
339 396
229 550
243 534
262 526
278 531
294 526
315 534
332 551
317 572
296 579
279 581
261 579
243 570
239 550
262 542
278 543
294 542
322 551
295 555
279 556
263 554
