126 396
133 436
141 475
148 512
158 549
178 583
207 608
242 629
285 634
329 631
367 613
400 586
422 551
433 513
439 473
445 431
449 389
153 377
174 360
203 356
233 358
264 363
293 364
324 358
356 355
387 359
410 375
281 380
283 407
285 433
287 461
252 477
268 482
286 486
303 483
319 477
185 385
202 374
222 374
240 388
221 391
201 392
324 388
340 374
361 374
380 385
362 392
341 392
235 536
251 519
269 514
284 518
298 515
315 520
330 538
313 541
296 542
282 543
267 541
250 539
242 533
268 526
284 528
298 527
322 535
297 526
283 527
268 524
