131 402
137 441
145 478
151 516
160 552
180 585
207 612
241 632
282 639
325 637
363 620
393 595
416 562
427 524
435 484
442 443
448 401
158 376
178 358
205 349
236 347
265 354
298 359
327 351
359 352
388 362
410 380
281 379
282 407
282 436
283 465
249 482
265 487
283 492
301 489
318 484
189 385
205 375
224 374
241 387
223 389
205 389
324 389
341 378
360 379
378 390
360 394
341 392
229 542
246 525
265 518
283 523
301 520
321 528
340 548
321 552
300 554
283 554
264 552
246 549
238 540
264 533
283 535
300 535
332 545
300 537
283 537
265 535
