123 397
130 437
138 476
146 514
156 552
178 586
208 614
244 635
287 641
331 636
367 615
397 587
419 552
430 514
435 474
441 433
446 392
148 370
167 350
196 342
226 344
256 351
302 352
333 345
364 343
393 351
413 371
282 376
283 401
284 427
286 454
254 478
269 482
286 486
302 483
316 479
183 384
199 372
220 372
238 387
219 391
198 391
324 388
341 374
362 374
379 386
363 393
342 392
224 542
247 528
269 519
285 523
301 519
321 528
343 541
321 552
301 555
285 557
269 556
247 552
233 542
269 534
285 536
301 534
333 541
300 536
285 537
269 535
