123 395
129 439
138 481
146 523
157 565
177 603
205 636
241 662
283 671
326 664
363 640
393 607
413 568
425 526
434 482
442 438
446 393
148 353
164 329
193 320
223 323
251 337
306 337
334 325
365 323
394 333
413 357
280 376
281 402
282 429
283 457
253 483
267 488
283 491
298 488
313 485
180 381
196 364
219 365
238 387
217 392
194 391
323 389
341 368
365 368
382 386
366 395
342 395
229 561
244 535
266 523
282 528
298 524
319 538
333 566
318 590
298 601
280 603
262 600
242 588
240 561
266 543
282 544
297 544
321 564
297 574
281 575
264 572
