127 394
131 433
137 471
143 510
153 550
175 587
204 620
240 647
284 656
329 650
368 626
400 594
423 558
435 517
441 475
447 434
451 392
148 370
166 350
194 341
224 341
253 350
306 349
336 340
369 340
398 351
418 373
281 377
282 404
282 430
283 459
248 476
265 482
283 488
302 483
319 478
182 385
200 375
220 375
239 388
219 389
200 388
325 389
344 378
364 378
382 388
364 391
345 391
204 524
233 515
262 511
283 517
304 513
334 519
365 527
334 557
304 568
282 570
260 567
231 552
213 527
262 522
283 525
303 523
356 529
304 550
283 552
261 548
