126 392
133 433
142 471
149 510
158 549
177 585
205 616
240 640
283 646
328 641
366 619
396 588
417 552
427 512
434 473
441 433
447 391
152 374
172 358
200 352
229 354
257 361
304 364
331 358
360 356
388 362
409 376
281 378
281 403
282 428
282 455
248 467
264 474
282 479
301 475
318 469
186 385
203 377
221 375
240 384
221 385
203 386
324 385
342 379
360 380
379 388
360 389
342 387
225 526
238 505
260 500
282 506
302 501
325 508
340 530
325 555
302 566
281 568
258 564
236 551
233 526
260 515
281 518
302 516
331 529
301 543
281 545
259 541
