127 412
134 453
144 493
152 532
162 571
181 607
209 637
244 661
286 670
330 664
367 641
397 611
418 575
429 536
436 495
444 453
449 409
153 377
171 354
200 342
232 338
264 342
299 346
330 342
363 346
392 357
412 379
282 378
283 403
284 429
286 456
253 483
268 487
285 491
302 487
317 483
185 388
201 372
222 371
240 389
221 393
200 394
324 390
341 373
363 374
380 390
363 396
341 395
235 561
249 538
270 527
284 531
298 527
320 539
334 563
320 584
299 593
284 594
269 593
249 583
245 560
270 545
284 545
298 545
324 561
299 569
285 570
270 568
