123 414
128 453
134 491
140 528
152 564
176 595
208 619
245 637
283 643
320 636
354 617
382 590
400 557
409 520
415 484
423 448
428 411
149 363
169 337
198 319
232 311
264 319
301 323
332 316
366 324
393 342
409 368
282 371
282 402
283 433
283 465
253 494
268 497
283 500
297 497
311 494
182 385
199 374
220 374
240 387
220 393
199 393
320 388
340 375
361 377
377 389
361 395
340 394
217 553
241 540
265 532
282 537
300 532
323 540
343 555
324 566
302 570
284 571
265 569
242 564
227 552
264 547
282 549
300 548
334 554
301 550
283 551
266 549
