126 392
132 432
140 471
146 510
156 548
175 582
202 612
235 635
276 642
317 636
351 612
377 583
397 550
406 512
413 474
421 435
425 396
149 366
167 344
197 335
229 338
257 350
308 354
335 343
364 340
391 348
408 368
282 375
283 402
283 429
284 458
251 472
266 477
283 483
299 477
313 471
186 384
202 374
221 375
240 385
220 389
201 389
321 386
338 377
358 377
373 387
358 390
339 390
221 536
237 513
261 506
282 512
303 507
324 513
336 537
323 556
302 565
282 567
259 564
236 556
229 537
260 522
282 523
303 522
329 537
302 544
282 546
260 544
