125 398
128 436
133 474
138 512
149 551
171 585
199 617
232 643
272 653
313 646
348 621
377 591
400 558
412 519
417 481
422 443
427 405
145 363
160 332
191 316
225 314
255 328
307 332
337 320
371 323
400 341
413 372
280 370
280 397
279 425
279 455
242 473
260 478
278 484
295 479
313 475
183 383
200 375
218 376
238 386
218 389
199 388
321 388
340 380
358 381
375 389
358 392
339 392
191 519
222 512
254 511
277 515
300 512
330 515
359 522
330 551
300 564
276 566
251 563
220 548
200 522
253 519
277 522
300 520
350 525
300 547
276 550
252 546
