122 409
126 454
134 499
146 543
163 584
184 624
210 662
242 690
277 700
312 692
345 664
371 626
390 585
405 543
417 499
424 455
427 410
143 354
158 323
189 311
222 314
251 330
308 331
336 316
367 313
396 324
410 354
281 375
281 402
281 429
282 457
254 486
268 491
282 494
295 491
307 486
178 384
194 367
219 367
238 387
217 397
192 397
321 387
340 367
364 367
379 384
365 397
341 397
231 577
243 545
266 530
281 533
296 530
318 545
327 578
319 617
299 635
281 638
263 635
242 616
241 577
266 549
281 548
296 549
318 578
297 606
280 609
265 606
