119 405
124 445
132 485
140 525
152 563
175 596
205 623
240 642
279 648
318 641
353 620
381 593
403 561
414 522
421 483
429 446
435 407
143 357
161 331
191 320
223 321
252 335
308 335
338 324
369 325
397 338
413 362
281 374
281 401
281 427
281 455
251 485
266 488
280 492
294 488
308 485
179 384
195 374
217 374
236 387
216 393
194 393
322 388
341 376
362 377
379 387
363 395
342 394
217 550
241 536
262 528
279 532
296 528
318 536
340 549
319 559
298 565
280 566
263 565
241 560
227 550
262 543
279 544
296 543
331 549
297 544
279 546
263 545
