121 390
128 434
137 475
145 517
159 558
182 591
212 620
247 642
285 648
323 641
357 618
384 588
404 552
414 511
420 470
428 429
431 388
145 367
167 345
198 338
231 341
262 353
295 355
326 344
359 339
390 344
411 366
281 381
282 408
282 435
283 464
252 486
267 491
283 495
298 491
313 486
180 383
197 372
218 372
238 389
217 394
195 394
321 389
339 373
361 372
379 383
363 394
340 394
233 552
252 543
270 537
284 542
295 537
313 542
333 550
314 561
297 566
285 568
271 567
253 561
241 551
270 548
283 550
296 548
325 550
296 551
284 552
271 551
