120 429
124 469
131 508
139 546
153 584
177 618
207 646
242 668
279 674
317 666
349 644
375 615
395 581
407 543
415 505
422 467
426 427
149 367
169 341
199 323
234 315
265 322
301 324
331 318
363 326
389 343
406 368
282 370
283 398
283 426
283 455
249 481
265 486
281 491
297 487
311 483
182 384
198 369
220 369
238 385
219 390
198 390
321 386
340 370
362 371
378 387
361 392
341 391
217 549
236 526
261 517
280 521
298 517
323 527
338 553
323 580
299 594
279 596
260 593
235 579
225 549
262 534
280 535
298 535
330 553
298 570
279 572
261 570
