141 379
144 420
151 460
156 500
165 540
185 574
211 601
242 621
279 627
316 622
349 600
376 573
396 540
407 503
414 464
420 424
421 385
159 363
179 348
207 345
235 350
262 360
302 361
328 353
354 348
380 350
399 366
281 382
281 413
281 443
281 475
249 484
264 492
280 497
297 492
312 485
194 381
209 373
228 374
244 389
226 390
207 389
317 390
334 376
353 375
369 384
354 392
335 392
227 533
246 526
264 523
280 528
295 524
312 528
330 535
312 546
294 551
279 552
263 549
245 543
235 533
264 533
280 536
295 534
322 535
294 534
279 536
264 533
