143 390
147 429
152 466
157 504
165 541
184 574
213 602
247 623
286 630
326 623
361 601
391 573
412 541
422 505
427 469
429 432
428 395
163 360
179 339
205 328
234 328
263 334
306 338
333 333
361 335
386 344
403 364
281 377
281 405
280 433
280 462
252 482
267 487
283 491
298 486
314 480
194 384
209 373
229 374
247 389
227 393
207 392
319 390
335 376
356 375
373 387
357 394
336 394
227 535
246 522
269 515
287 518
305 512
329 517
349 529
330 552
308 564
289 566
269 565
246 556
238 536
269 530
288 530
305 528
339 531
307 541
288 544
270 543
