138 381
142 419
149 457
156 495
166 532
186 567
214 596
245 618
281 625
318 619
353 597
382 569
404 536
416 499
424 461
430 423
430 384
157 355
175 337
202 331
230 334
257 345
306 344
333 335
361 334
388 340
407 358
281 380
281 410
281 440
281 471
252 487
266 493
282 498
297 493
312 488
191 382
206 373
226 374
245 388
225 393
204 391
320 389
336 375
358 373
376 384
359 392
338 393
226 533
246 525
266 521
282 526
298 521
318 527
338 535
318 553
298 563
282 564
264 562
245 552
235 535
266 535
282 538
298 536
329 537
297 538
282 540
265 538
