143 372
145 412
150 451
154 489
161 528
178 564
203 595
235 621
276 629
319 625
356 604
386 576
410 543
421 504
427 465
433 425
436 384
160 360
178 340
208 337
237 346
263 360
301 363
329 352
359 346
389 350
409 369
281 381
279 407
277 434
275 462
244 470
259 478
276 485
295 478
313 471
194 380
210 373
228 375
245 387
226 387
208 385
321 390
338 380
357 380
374 387
358 392
339 392
225 526
238 510
260 505
279 510
299 506
322 513
340 531
322 553
299 563
278 564
258 560
238 548
234 527
259 520
279 522
299 521
330 531
299 539
279 541
259 537
