136 380
137 419
141 459
145 499
156 539
179 574
209 604
243 629
282 637
322 629
356 604
386 573
410 539
422 502
427 464
429 425
428 385
151 363
169 342
198 331
229 333
258 345
304 344
331 333
361 331
388 340
406 362
281 380
280 411
281 442
281 474
244 483
262 490
281 497
300 490
318 482
188 382
205 373
225 374
243 390
223 391
203 389
317 390
334 375
354 372
373 382
356 389
336 391
199 508
229 510
259 512
281 516
303 512
333 510
364 509
334 545
305 562
282 566
258 562
228 543
210 513
259 521
282 524
303 521
353 514
304 543
282 546
259 542
