142 372
145 415
153 457
162 497
174 536
195 573
222 605
251 630
285 637
321 629
351 603
379 572
402 537
415 499
425 458
431 416
433 374
162 348
177 324
204 313
233 316
260 330
311 331
337 319
366 317
393 328
408 353
282 377
282 410
282 444
282 477
253 490
267 497
283 502
300 496
315 488
192 381
209 371
229 373
247 389
227 393
206 391
318 390
336 374
357 373
374 383
359 393
337 394
231 538
249 528
270 523
287 526
303 521
325 524
344 531
327 562
306 579
288 583
270 581
249 568
240 541
270 536
287 537
303 534
335 534
305 554
288 559
270 557
