130 382
134 421
140 459
143 498
148 540
167 578
198 608
235 633
281 642
326 635
367 612
399 584
420 549
428 509
432 472
438 433
439 393
154 357
171 334
198 321
229 319
258 329
308 330
336 322
367 325
396 337
413 361
280 373
279 405
279 436
278 469
248 487
263 493
279 498
296 493
312 486
187 384
204 377
223 378
241 388
222 390
203 389
322 389
341 380
360 379
379 387
361 392
341 391
223 545
243 534
265 527
283 532
301 526
323 532
346 543
325 561
303 569
284 572
264 569
243 562
233 546
264 545
283 546
301 544
336 544
302 548
284 549
265 547
