108 359
113 408
120 455
128 501
141 545
164 583
197 614
237 638
280 644
324 635
359 608
389 576
409 538
420 496
426 453
434 409
440 362
136 371
161 355
194 354
228 360
261 371
297 375
327 362
359 354
392 351
416 365
278 387
279 419
280 451
281 484
244 492
261 501
280 507
299 501
316 491
176 385
195 378
215 378
234 389
214 393
194 392
319 389
339 377
358 376
377 381
360 390
340 391
212 541
239 537
263 536
280 540
297 536
319 535
345 535
320 553
298 560
281 562
263 561
238 557
223 543
263 544
280 545
297 542
335 537
298 546
281 549
263 548
