119 371
125 417
135 461
144 504
155 547
177 587
207 622
243 651
285 660
328 652
367 625
399 592
422 553
434 510
444 466
454 420
459 374
144 343
162 321
192 313
223 316
253 329
314 331
343 319
376 317
406 326
426 349
283 378
282 409
281 439
281 471
252 490
266 496
281 502
297 497
312 491
181 380
200 366
223 368
243 386
221 392
197 391
326 388
345 370
369 368
388 382
371 393
347 394
227 551
246 535
266 527
282 532
296 528
318 536
342 552
319 570
298 579
282 580
265 578
246 569
238 551
266 545
282 546
297 545
330 552
297 553
282 555
266 553
