117 385
124 428
134 470
143 511
154 552
175 588
207 618
243 642
287 648
329 641
366 618
397 589
419 552
430 512
438 470
445 428
449 385
143 369
165 349
197 344
231 345
262 357
302 360
332 349
364 346
396 350
419 368
282 384
282 411
282 438
282 466
253 486
267 492
282 496
298 492
312 487
181 387
199 375
220 376
240 391
219 396
197 395
325 391
344 376
365 376
384 387
367 396
345 396
226 544
247 529
267 521
284 525
299 521
320 528
343 542
321 554
301 559
284 561
267 560
247 555
236 544
267 537
284 538
300 536
332 542
299 538
284 540
268 538
