116 379
124 425
132 469
141 513
156 555
182 592
214 624
251 651
294 659
335 649
370 620
399 586
421 548
433 506
438 461
442 416
445 370
144 352
162 331
190 323
220 324
249 335
311 337
337 324
367 322
396 327
417 346
280 379
281 411
282 442
283 475
252 488
267 495
285 501
302 494
319 486
184 382
201 371
221 372
240 386
220 389
200 388
321 386
339 371
359 369
379 379
361 386
341 387
217 531
242 524
269 521
288 524
306 520
334 521
360 527
338 560
311 574
292 577
271 575
244 562
228 535
269 533
289 534
307 532
350 531
310 554
291 557
271 555
