120 360
124 404
129 446
136 488
149 528
174 564
206 598
242 629
285 639
329 631
365 601
396 566
420 529
433 488
439 445
443 401
446 356
140 372
162 352
195 347
228 349
260 362
299 366
329 353
363 349
396 352
420 372
279 386
279 417
279 449
279 481
238 481
258 490
280 499
302 490
322 481
179 384
198 378
217 380
237 389
216 390
197 388
323 390
341 381
360 379
381 384
361 389
342 390
195 500
225 503
254 507
280 512
304 507
335 503
368 500
338 538
307 556
282 558
254 555
224 536
205 505
254 515
280 520
305 516
358 505
306 537
281 540
255 535
