128 385
135 426
142 467
150 507
163 546
187 581
218 611
256 636
299 641
342 633
379 606
409 573
429 535
438 493
441 452
445 409
447 365
153 380
171 363
199 355
230 353
258 360
298 362
325 351
356 349
386 354
409 370
279 386
281 417
282 448
284 480
255 489
270 496
286 502
303 495
319 487
191 388
207 381
224 380
241 389
224 390
207 391
324 387
339 376
356 375
374 381
357 385
340 386
233 539
252 531
273 527
291 531
309 526
332 527
356 532
336 550
313 559
294 562
275 561
253 555
243 540
273 540
292 541
310 538
346 533
311 543
293 545
274 544
