117 367
123 411
132 455
142 498
155 540
179 577
211 608
249 632
289 638
329 631
367 607
398 576
420 538
431 496
439 452
447 408
452 362
141 348
160 324
191 317
225 320
254 334
311 337
340 323
373 321
405 328
425 351
283 378
283 410
283 443
283 477
253 491
268 498
283 503
299 498
315 492
180 379
199 367
222 369
242 386
219 391
196 389
325 387
344 370
367 368
386 379
369 390
346 391
227 548
246 536
267 530
284 534
301 530
323 536
347 545
325 560
303 567
286 568
267 566
247 559
236 547
267 543
285 546
302 543
337 545
302 545
285 547
268 544
