113 378
116 423
122 466
128 510
141 552
164 587
197 615
234 639
275 646
317 639
355 617
388 591
413 558
427 518
434 477
441 434
446 391
147 358
170 334
203 327
236 334
268 345
303 346
335 335
369 331
402 341
421 368
284 376
283 405
282 433
281 464
250 480
264 485
280 489
296 486
311 481
182 378
200 366
222 368
240 386
219 391
196 389
324 389
342 372
364 371
381 385
366 395
343 395
217 543
239 525
261 517
279 521
296 517
315 524
334 542
315 558
296 566
278 568
259 567
238 560
227 542
260 531
279 532
296 531
324 542
296 546
279 548
260 547
