113 387
117 432
123 475
129 519
142 559
167 593
201 619
238 641
279 648
319 641
357 618
390 593
416 561
429 523
434 483
440 442
445 400
146 365
169 343
201 336
234 339
267 348
303 351
335 343
368 343
400 353
420 377
284 377
284 403
283 430
282 458
253 478
267 483
282 487
296 483
310 479
184 381
201 370
223 372
241 388
220 392
199 390
325 392
343 378
364 378
382 391
365 398
344 397
211 532
236 520
262 515
282 519
300 515
323 520
347 531
323 555
300 565
281 567
260 566
235 556
220 533
261 526
281 528
300 526
337 533
300 546
281 549
261 547
