106 373
110 419
116 465
124 512
141 554
170 590
206 619
245 640
287 645
325 633
357 606
385 575
406 540
417 500
422 461
428 421
430 379
146 368
170 350
203 347
235 354
265 365
310 364
337 356
366 352
394 357
413 374
288 381
288 408
290 435
291 463
254 473
271 479
289 484
306 479
320 470
185 380
203 370
223 371
241 384
221 386
202 385
324 385
341 372
360 371
377 381
361 386
342 386
222 533
243 512
268 506
289 510
307 503
326 506
339 521
327 550
310 567
290 571
268 571
243 560
230 533
268 518
289 519
307 515
331 522
308 545
289 551
268 550
