103 389
109 435
117 479
125 522
139 562
165 595
200 620
242 638
287 643
331 635
367 613
397 587
417 554
426 514
430 474
436 432
440 389
139 372
161 350
195 342
229 346
262 354
299 356
329 346
361 343
393 348
415 368
280 376
281 405
281 434
282 465
250 482
266 487
283 490
299 486
315 480
179 384
196 373
216 373
234 386
214 390
195 389
323 386
340 373
359 372
377 382
360 388
341 388
229 549
246 531
266 522
285 526
302 520
322 527
340 543
325 552
306 559
288 561
269 561
249 557
239 546
267 539
286 540
303 537
332 541
304 539
287 541
269 541
