113 383
116 428
122 472
129 515
141 557
163 594
194 625
230 649
273 658
317 653
357 631
392 604
417 569
432 529
440 487
448 443
454 398
146 353
169 328
204 321
238 327
270 338
306 340
339 329
373 326
406 338
425 366
284 375
283 401
281 428
279 456
252 481
265 485
279 489
293 487
308 483
182 378
200 366
223 367
241 386
220 392
197 390
327 391
346 374
369 374
386 389
370 400
346 399
223 554
240 531
261 519
278 524
293 520
314 533
332 557
314 577
294 584
277 585
259 583
239 575
235 553
261 539
277 540
293 540
320 556
294 558
278 559
261 558
