108 385
113 432
122 477
130 521
145 563
172 598
208 626
247 649
289 655
331 646
367 621
399 592
422 557
434 516
440 474
446 430
449 385
139 371
163 350
196 343
230 347
263 355
297 357
329 347
362 343
395 348
420 368
280 380
280 408
281 436
281 466
252 487
266 491
283 495
299 490
315 485
179 384
197 373
218 373
236 388
216 392
195 391
325 388
342 373
363 373
381 383
364 391
343 391
226 556
245 538
267 527
285 531
301 526
322 535
342 551
324 571
304 581
287 583
268 582
247 574
238 555
267 544
285 545
301 543
331 551
302 556
286 558
268 557
