117 388
120 430
125 472
130 513
140 553
161 586
192 611
229 632
272 639
316 636
358 619
394 596
419 565
433 527
439 487
446 446
451 403
148 358
169 333
202 326
235 332
267 343
303 346
335 338
369 338
401 348
422 374
283 375
281 399
280 424
278 450
252 475
264 478
278 481
292 480
306 478
185 379
202 368
224 369
241 386
220 392
199 390
327 391
344 378
366 378
383 392
366 400
344 399
219 543
240 524
261 513
277 518
292 514
312 525
331 546
311 552
292 555
276 555
259 554
239 552
229 542
260 532
277 534
292 533
321 544
292 534
277 535
260 534
