107 371
110 418
116 465
120 510
132 553
156 592
187 623
224 648
268 656
311 650
348 627
380 598
404 563
418 521
425 476
432 431
436 386
138 359
165 343
199 343
233 349
263 360
304 364
334 355
365 350
397 352
418 370
283 383
283 410
283 436
283 465
240 480
259 487
280 493
300 489
319 484
176 377
197 369
218 372
236 386
216 387
194 385
324 390
345 377
366 377
384 386
367 393
346 393
211 545
232 523
258 514
278 521
299 517
323 530
339 553
320 577
296 586
273 587
252 583
228 570
223 544
257 534
277 536
298 536
328 552
296 561
274 562
254 558
