106 380
108 424
114 468
120 510
131 552
156 590
189 622
228 646
273 654
317 648
355 625
388 595
412 559
424 518
430 476
437 433
441 391
138 357
162 339
195 336
229 341
260 353
304 357
335 348
368 344
400 348
421 369
284 384
284 409
284 435
285 463
247 487
265 492
283 496
300 493
317 490
176 380
196 370
218 373
237 389
216 392
193 390
325 393
346 378
368 378
386 388
369 397
347 397
210 543
236 532
261 525
280 532
300 527
322 538
343 549
320 563
298 569
277 570
257 567
233 559
220 545
260 544
279 547
299 546
333 550
298 546
278 547
259 545
