116 383
118 425
122 467
128 508
139 547
162 582
191 613
228 637
269 645
311 639
346 616
375 588
398 554
411 515
419 475
427 434
432 393
151 358
175 340
205 332
237 329
268 335
309 338
338 334
369 338
395 349
412 372
285 374
285 402
285 428
284 457
246 475
263 481
282 487
300 483
316 478
184 379
203 368
223 370
241 385
221 387
200 386
323 389
343 376
363 376
380 388
363 394
343 393
214 535
237 518
261 510
279 515
297 512
319 522
336 542
317 560
295 569
276 570
256 567
233 555
225 534
260 531
278 533
296 533
326 541
295 544
277 545
259 542
