109 367
110 412
114 455
119 499
131 541
155 578
187 609
226 632
269 640
312 633
347 608
377 579
399 542
410 502
416 461
423 419
425 377
142 362
169 348
202 349
235 356
265 368
299 369
328 360
358 353
389 354
409 372
283 381
283 406
283 430
283 457
246 475
262 481
281 486
298 482
314 477
181 378
200 372
220 373
238 385
218 386
198 384
320 387
339 377
358 377
376 384
359 390
340 390
213 535
235 522
259 515
278 521
296 516
318 525
336 540
316 556
295 564
276 565
256 562
233 552
223 535
258 535
278 537
296 536
326 540
295 540
278 541
258 538
