107 373
109 418
115 462
120 506
133 547
158 584
189 615
229 639
271 646
313 638
349 613
379 584
403 547
415 508
422 467
428 424
431 382
140 365
166 347
198 339
232 337
263 344
301 346
331 340
362 340
391 348
411 367
279 378
280 408
280 437
281 469
240 484
259 491
279 496
299 491
316 485
178 382
198 375
217 377
236 388
216 387
197 386
319 389
339 378
357 377
376 384
358 388
340 388
201 531
228 519
256 516
277 521
298 517
322 521
342 535
321 551
297 560
275 562
253 560
226 551
211 531
255 532
277 535
298 533
332 534
297 539
276 542
254 539
