104 390
106 435
110 479
117 523
130 565
153 605
184 640
223 667
265 676
306 668
341 641
370 608
392 570
404 529
414 487
422 445
426 402
140 348
158 321
189 308
223 307
255 318
315 322
344 313
375 316
401 331
412 360
283 373
283 398
283 423
284 449
247 483
264 487
280 491
295 488
309 486
173 380
192 368
216 368
235 387
214 392
190 391
321 391
342 374
366 375
381 391
365 400
342 399
214 559
234 534
261 521
277 527
294 523
315 539
328 567
313 593
292 602
272 603
254 601
230 588
226 559
259 545
276 546
293 547
316 565
292 572
274 573
257 571
