106 339
107 387
110 435
116 483
130 528
158 570
188 607
223 636
265 645
306 640
343 613
373 578
400 539
415 495
424 450
431 405
436 360
142 342
166 325
196 323
227 329
255 343
315 347
344 338
373 334
400 339
415 360
285 374
284 404
283 432
283 462
239 470
258 478
278 487
299 481
319 476
187 371
207 373
223 374
240 377
223 378
205 377
321 384
340 384
356 386
374 387
356 390
339 389
185 500
217 499
250 501
275 508
302 505
331 509
357 514
329 552
298 568
270 570
243 564
212 542
194 505
249 510
274 515
300 515
347 518
299 544
272 546
246 540
