127 402
129 443
136 485
142 527
153 568
172 605
201 637
237 660
282 666
327 661
365 639
394 608
414 571
424 531
431 490
437 447
440 406
146 343
160 317
189 304
219 304
249 315
314 315
345 306
376 308
404 324
417 351
282 365
281 387
281 409
281 433
254 470
267 473
281 475
295 473
308 471
182 380
198 363
221 364
242 382
220 390
196 390
320 384
340 367
363 368
379 384
364 394
340 393
229 548
245 524
266 513
281 517
296 514
316 525
333 550
316 570
296 578
280 579
264 578
244 569
240 547
266 529
281 529
295 530
322 548
296 554
281 555
266 553
