130 382
132 425
139 467
147 509
156 552
176 590
203 621
238 644
283 649
328 645
367 624
399 595
423 558
435 514
440 470
446 426
448 382
145 360
164 340
194 339
224 346
253 356
306 356
337 346
369 340
400 343
421 363
281 377
281 399
280 422
280 447
249 470
264 475
281 480
298 476
314 471
182 383
199 375
219 375
239 387
218 391
198 391
325 388
344 377
365 377
382 386
366 393
345 392
229 539
244 522
263 515
281 521
298 516
318 522
336 540
318 550
299 556
281 557
264 556
245 550
238 538
263 531
281 533
298 531
326 538
298 534
281 536
264 534
