126 405
132 446
141 486
150 526
161 566
183 600
213 629
250 649
293 653
338 648
377 626
407 596
429 559
437 516
440 474
445 431
446 390
143 360
156 332
183 316
214 313
244 320
304 319
336 310
369 311
399 325
416 352
277 368
278 395
279 420
281 448
254 479
268 482
283 485
298 482
312 478
181 388
198 379
217 377
237 387
218 392
198 394
321 384
340 374
360 373
377 381
361 389
341 388
231 545
248 530
266 524
283 528
300 523
322 530
346 543
325 554
303 559
286 561
269 560
250 554
240 543
267 539
284 541
301 539
336 543
301 540
285 542
268 540
