130 366
133 409
141 454
151 498
163 542
186 583
214 619
248 647
288 654
330 646
366 619
397 584
420 542
433 496
441 451
447 404
449 359
151 349
177 341
206 353
232 366
258 377
303 376
331 364
359 352
390 341
417 350
282 391
282 416
283 441
283 469
253 489
267 496
283 501
299 496
314 489
185 382
202 376
223 378
242 391
221 396
200 394
325 391
342 379
364 377
381 383
367 395
345 396
231 553
248 547
266 543
282 548
297 543
316 547
335 554
317 574
299 582
282 584
266 582
248 572
240 555
266 554
282 556
297 554
325 555
298 561
282 563
267 560
