136 381
135 421
138 461
142 502
150 544
169 581
196 617
228 648
270 658
315 654
355 631
389 601
416 564
430 522
437 479
444 436
447 394
150 353
165 332
194 327
223 331
252 341
311 343
343 335
374 335
404 342
422 364
281 376
279 401
278 425
275 452
244 473
259 478
275 485
292 481
309 477
186 380
203 372
222 373
241 386
220 388
201 387
325 389
344 379
364 379
382 388
365 394
344 394
202 521
227 518
253 517
273 522
293 519
322 523
351 530
322 561
293 574
272 576
250 572
224 555
212 526
253 528
273 531
293 530
340 534
293 553
273 555
252 550
