131 400
135 440
142 480
148 519
157 558
177 594
205 625
240 647
285 654
332 649
371 627
402 599
425 563
435 522
439 480
445 438
447 396
147 357
164 337
192 331
221 334
251 343
310 341
340 332
370 330
399 337
418 358
281 375
281 398
280 420
280 444
253 475
267 479
281 483
296 480
310 477
184 385
200 374
221 374
241 387
220 393
200 393
324 388
342 376
363 377
380 388
365 396
344 395
226 545
245 530
265 522
281 528
297 523
319 531
340 545
320 558
299 564
282 565
265 563
244 557
235 544
265 538
281 540
298 539
329 545
298 540
281 542
265 540
