120 415
122 453
128 491
133 529
141 568
161 603
191 630
231 651
278 656
324 653
365 634
394 606
414 571
422 532
426 493
431 455
433 417
145 344
161 318
189 304
220 303
251 311
311 312
342 305
372 311
398 327
411 354
281 362
281 385
282 406
282 429
253 467
267 470
280 473
293 472
305 471
182 381
199 371
219 371
238 382
219 386
199 387
319 385
340 375
359 376
374 388
359 392
339 390
220 540
239 518
262 511
278 516
295 513
318 524
336 545
317 560
294 565
277 566
260 563
238 555
231 539
262 528
278 530
294 531
326 544
294 544
277 544
261 542
