120 408
123 450
129 491
135 531
147 568
171 598
205 619
244 633
288 635
333 631
374 616
410 594
436 564
449 527
456 487
461 445
465 403
149 374
167 348
197 334
232 330
265 336
301 337
336 330
371 331
404 342
426 366
284 373
283 398
282 421
282 447
252 477
268 480
283 483
300 479
315 476
186 389
204 377
225 377
244 390
224 395
203 395
328 388
346 374
368 373
387 385
369 392
348 392
222 541
244 523
264 513
281 518
298 513
320 522
347 539
321 544
300 546
283 546
265 546
245 544
231 538
264 530
282 531
299 530
337 538
299 529
282 530
265 529
