121 413
124 455
130 495
137 536
149 575
173 607
206 631
245 648
289 652
334 647
375 629
410 604
435 572
449 533
457 492
462 450
464 406
147 372
164 344
195 330
229 329
260 339
299 339
334 329
370 327
404 339
425 367
282 376
281 399
281 422
281 447
252 478
267 481
282 484
298 481
314 477
185 389
202 374
224 373
243 392
223 396
200 396
328 389
346 371
369 370
388 385
371 393
348 393
224 548
244 528
266 515
282 520
297 515
320 527
345 547
321 560
299 566
283 567
266 566
245 560
235 547
266 536
282 536
298 535
334 547
298 544
282 545
266 544
