127 398
128 440
131 480
135 520
145 559
166 591
197 615
233 632
277 636
324 636
366 622
403 601
430 570
446 533
455 493
462 450
467 407
159 368
176 343
205 330
238 326
268 333
305 336
340 333
374 338
404 351
424 375
285 376
284 403
281 429
280 457
249 480
264 484
279 489
297 486
315 483
194 386
211 375
231 375
249 390
229 392
209 391
330 392
348 379
369 379
387 391
370 396
349 395
217 536
239 523
260 516
279 522
297 518
320 526
344 543
318 547
295 548
277 547
258 545
238 541
226 535
260 530
278 533
297 533
335 541
296 532
278 532
259 530
