116 405
118 446
121 485
127 526
140 565
166 595
200 620
239 639
284 643
329 639
370 620
405 595
432 563
446 524
453 481
456 439
457 396
141 378
159 352
191 341
224 340
258 348
301 349
334 340
367 338
399 345
421 368
281 378
281 404
282 429
283 457
245 476
264 481
284 487
304 480
323 474
180 391
198 380
218 379
237 392
217 395
198 395
327 390
345 377
365 375
385 386
367 390
346 391
204 525
233 518
262 513
284 516
303 512
333 517
363 528
334 550
305 560
284 562
262 560
233 551
215 529
262 524
284 525
304 524
352 531
304 541
284 543
262 541
