118 405
121 448
127 490
135 531
148 571
171 606
203 633
243 654
289 657
336 652
379 631
415 603
441 568
455 527
462 484
467 439
468 394
144 365
160 337
190 323
224 320
257 327
298 326
333 317
369 317
402 329
424 356
279 372
279 398
279 423
278 450
249 480
265 483
281 487
298 483
314 478
181 386
198 371
221 371
240 390
219 395
196 395
327 387
345 367
368 365
387 379
371 389
348 390
219 548
241 530
264 519
282 523
299 518
324 528
350 546
326 563
302 571
284 572
265 571
242 564
230 548
265 540
283 540
300 539
339 547
300 549
283 550
265 549
