120 391
124 435
130 477
138 519
151 559
175 591
207 616
244 635
288 639
331 634
369 615
402 589
426 555
439 514
445 470
449 426
450 381
148 369
163 343
193 329
225 327
256 334
300 336
330 326
363 324
395 334
414 359
279 374
280 405
281 436
282 467
248 482
265 488
283 493
301 488
318 481
185 385
202 376
221 376
238 387
219 389
201 389
324 384
340 372
359 371
377 379
360 383
342 385
224 539
243 525
264 519
284 524
302 519
324 523
346 538
324 552
303 558
284 560
264 558
243 552
233 539
264 535
284 536
302 534
336 538
302 541
284 543
264 541
