130 373
133 419
139 465
147 509
160 551
184 586
215 617
251 642
294 649
339 644
380 620
415 588
444 550
460 506
469 458
473 409
473 358
146 373
164 349
196 345
229 349
260 362
300 363
334 350
368 342
404 344
431 364
282 387
282 421
281 454
281 489
248 496
265 504
284 511
305 504
324 496
186 386
205 376
226 378
245 394
224 396
203 395
332 393
350 377
371 375
391 383
374 393
353 395
225 539
248 539
268 538
287 542
306 538
330 538
359 539
331 559
307 568
287 569
268 567
248 558
235 543
268 545
287 548
306 545
349 542
306 553
287 556
268 553
