101 418
107 462
116 505
126 548
143 587
170 618
208 643
249 663
296 670
342 660
381 638
416 612
439 577
451 536
456 493
460 448
463 404
136 384
160 362
193 354
229 352
264 359
296 357
331 347
367 345
402 351
429 372
282 380
284 404
285 430
286 456
254 486
270 490
288 493
305 489
320 484
176 392
195 378
218 376
238 391
217 397
195 398
328 388
347 371
370 370
390 383
372 391
349 391
231 564
251 546
273 534
288 537
303 533
326 542
349 561
329 579
307 585
292 587
275 586
253 582
243 563
274 549
289 549
304 547
338 560
305 562
290 563
275 563
