107 413
113 456
123 497
133 537
147 576
170 609
203 635
243 654
290 661
334 653
372 632
404 605
425 570
437 530
444 489
450 446
453 402
138 382
159 361
190 351
223 351
253 359
306 356
336 346
370 345
400 352
422 373
280 376
281 401
283 426
284 453
247 471
265 477
285 483
304 476
322 469
176 389
195 376
216 375
236 389
215 390
194 391
327 386
346 371
366 370
385 382
368 386
347 386
225 546
241 519
264 509
286 513
305 509
329 517
347 543
329 562
307 571
286 574
264 572
241 564
235 544
265 525
286 525
305 524
336 541
305 548
286 551
265 549
