105 410
109 450
114 490
121 530
135 569
163 601
201 626
243 646
290 652
335 644
374 622
408 595
431 561
442 521
447 480
450 442
452 403
134 378
155 354
185 341
219 337
251 347
309 345
340 335
373 337
402 349
423 372
282 378
283 405
283 431
284 459
245 482
264 487
284 492
303 486
321 480
172 391
192 377
214 377
233 393
213 397
191 397
326 391
346 375
368 374
387 387
370 393
347 394
202 532
235 526
265 522
285 525
305 520
336 522
368 526
338 555
309 564
287 566
267 565
236 558
213 535
266 530
285 531
306 528
359 531
307 550
286 552
266 551
