102 416
109 458
118 499
127 539
142 576
169 605
205 625
246 639
291 643
333 637
372 621
405 599
429 567
440 528
446 487
452 445
455 402
136 374
157 350
188 336
223 331
256 339
303 340
336 332
371 334
402 345
423 368
282 374
283 403
285 432
287 462
252 487
269 490
287 494
304 489
321 485
174 390
193 376
215 375
236 390
215 395
193 396
328 388
347 372
369 371
388 383
370 391
348 391
223 548
246 531
270 523
289 527
307 522
330 527
354 543
332 549
309 553
291 555
271 555
248 552
234 545
270 536
289 538
307 536
344 541
308 534
290 536
271 535
