100 417
105 461
113 504
123 547
139 589
163 627
198 660
239 685
284 694
326 684
364 658
395 625
416 586
429 543
438 500
445 456
448 411
136 361
155 335
185 322
218 321
247 331
311 330
341 318
375 319
405 334
422 362
280 373
281 400
283 426
284 453
251 482
267 487
283 491
298 487
312 482
173 387
191 371
214 370
233 389
214 395
190 395
324 389
345 371
368 370
384 387
369 395
345 395
228 564
243 536
266 524
281 528
298 525
322 537
336 567
322 600
300 613
281 615
264 612
242 596
237 563
266 540
282 540
298 541
327 566
298 590
281 592
265 589
