103 407
108 448
116 488
125 528
139 567
165 599
201 622
242 640
287 645
330 639
368 620
401 594
425 562
436 522
441 482
447 440
450 398
135 377
156 355
187 345
220 343
251 351
304 350
335 340
369 340
399 351
420 373
279 380
281 406
282 432
283 459
250 484
266 488
283 492
300 487
316 482
173 390
191 377
213 376
233 392
213 396
190 397
325 390
344 375
366 374
384 386
367 394
345 394
222 548
247 537
268 529
284 532
299 527
320 533
346 544
322 554
301 559
286 560
269 560
248 557
232 548
268 542
284 542
299 540
336 544
300 541
285 543
269 542
