105 411
110 454
116 497
122 540
135 578
161 609
201 630
243 645
293 648
341 640
383 620
419 596
440 563
447 522
450 480
452 440
454 399
138 369
157 344
186 330
220 327
250 337
306 340
337 328
371 329
402 340
422 363
281 376
283 404
284 432
286 462
247 484
267 489
286 494
305 488
323 481
172 389
191 374
214 374
234 392
213 396
190 396
328 390
347 372
370 371
388 385
372 393
349 394
205 547
233 529
264 521
288 524
311 519
342 524
369 543
345 563
315 571
290 573
266 572
235 567
215 547
265 535
288 535
312 533
359 543
313 554
289 556
266 555
