115 377
119 426
126 474
131 522
143 566
166 608
195 642
231 671
274 680
316 671
351 642
376 605
396 562
407 517
413 472
422 425
426 378
148 357
169 338
196 331
225 336
251 348
306 348
332 338
360 334
387 342
404 362
281 381
282 412
283 444
284 476
249 493
265 498
282 503
299 498
314 493
185 380
204 372
223 374
239 389
221 391
202 388
316 389
332 375
352 373
369 382
355 390
335 391
213 542
234 528
261 524
281 530
302 525
326 530
345 541
327 579
303 595
280 598
258 595
232 577
222 543
260 538
281 542
302 539
336 544
302 569
281 573
260 569
