112 389
119 433
127 475
135 517
150 555
176 588
209 615
246 635
287 640
328 633
364 610
395 581
417 546
428 507
433 466
437 424
440 381
147 361
169 342
199 336
230 339
261 347
299 349
328 339
358 333
389 335
410 355
282 378
283 405
285 433
286 461
253 483
268 488
286 491
302 488
317 482
186 383
203 369
225 369
242 388
223 394
201 393
320 386
335 367
358 365
375 379
361 390
338 391
225 547
244 532
267 522
286 527
303 522
324 532
341 549
325 566
305 574
287 575
267 574
244 565
236 547
268 540
286 541
303 540
330 549
303 551
286 552
268 551
