124 380
130 423
138 463
146 502
159 540
181 573
211 599
246 620
286 626
325 621
359 601
388 574
410 540
423 501
429 459
432 415
434 372
155 374
173 357
199 348
227 347
251 356
302 354
325 344
353 343
380 350
400 365
277 381
279 410
280 438
281 468
249 480
265 487
283 492
301 486
317 480
190 387
206 379
223 379
240 389
223 390
206 390
317 385
333 375
351 374
369 380
352 384
335 385
228 539
242 522
264 515
284 519
303 514
325 519
341 534
326 550
306 559
286 562
265 562
243 555
238 538
264 531
285 532
304 530
332 534
304 539
285 542
265 541
