113 384
117 430
125 474
135 516
152 554
177 589
207 617
241 639
280 647
318 639
350 615
378 585
400 549
413 510
421 469
426 427
430 384
153 351
170 329
198 318
226 321
254 332
312 332
337 322
365 318
391 329
406 352
283 377
284 405
286 433
286 461
252 483
268 488
285 491
301 488
316 483
189 382
206 370
227 371
244 388
225 394
204 392
317 389
334 372
355 371
371 384
357 393
335 394
228 548
244 530
266 521
284 525
301 521
320 530
333 550
320 572
301 583
282 585
263 583
242 572
237 548
266 537
283 539
300 538
324 550
301 560
283 561
265 559
