115 373
120 416
126 458
134 499
148 537
174 570
207 593
244 612
285 617
324 611
357 591
387 567
408 534
419 496
425 457
430 417
432 375
156 356
177 339
204 331
233 329
259 339
300 343
325 337
354 337
381 345
401 362
281 378
282 412
284 446
285 480
248 492
266 498
284 504
303 498
319 491
188 384
205 376
223 377
241 388
222 389
204 388
318 388
335 378
353 377
370 385
353 388
336 388
212 534
237 527
262 524
285 530
305 524
328 526
351 531
329 548
306 555
286 557
263 555
237 548
222 535
262 537
285 540
305 537
342 533
305 538
285 541
263 538
