113 365
117 409
121 450
127 491
140 530
167 563
199 593
234 619
275 628
317 622
354 599
385 569
411 536
425 498
431 457
434 416
436 373
151 360
171 342
199 334
229 335
256 346
310 346
336 337
366 338
392 347
411 366
283 378
283 410
284 441
284 474
241 479
261 487
283 494
305 487
324 479
186 381
205 378
224 378
243 387
223 388
204 386
319 388
337 381
356 380
375 385
357 389
338 389
195 505
228 510
258 512
282 517
303 513
331 512
361 511
332 543
303 556
280 557
255 554
225 538
205 510
257 521
281 524
303 522
351 515
303 538
281 540
257 536
