116 369
121 414
128 456
136 497
149 536
174 572
205 600
241 621
280 628
318 622
350 600
379 572
401 538
413 499
420 458
428 416
432 372
150 367
174 353
205 350
235 354
264 362
301 361
329 351
358 347
387 348
408 364
284 385
284 415
285 446
285 476
250 489
266 495
284 501
301 496
316 490
189 383
206 373
226 374
242 390
224 393
204 392
320 389
335 373
355 371
373 381
358 391
338 393
225 541
244 536
265 532
282 537
298 533
316 538
335 544
317 559
298 565
282 566
264 564
244 556
234 543
265 543
282 546
298 544
326 545
298 547
282 549
265 546
