119 406
122 446
129 483
136 519
146 554
166 582
198 602
235 616
278 619
320 618
356 605
385 586
405 557
414 523
420 487
428 451
433 412
149 363
168 340
199 329
232 328
263 337
310 342
338 332
369 333
397 345
412 371
286 374
286 403
287 432
287 462
252 478
268 485
285 491
301 487
316 482
186 386
202 376
222 376
240 388
221 392
201 392
323 390
341 380
361 381
377 392
361 397
341 396
218 531
240 517
262 512
283 518
302 514
322 521
341 534
321 544
300 547
281 548
260 546
239 540
228 531
261 527
282 529
302 529
332 534
301 529
282 530
261 527
