116 372
118 418
123 461
131 503
144 543
164 580
193 610
227 633
268 642
311 639
349 619
380 590
402 553
416 513
427 471
436 428
440 382
143 338
162 312
195 302
228 303
260 316
311 319
342 308
375 306
407 317
423 346
284 369
283 405
282 441
281 478
242 490
259 499
279 508
299 502
317 495
179 380
198 371
219 372
239 385
217 390
195 389
324 389
344 376
366 376
385 386
367 395
345 394
208 540
233 533
257 530
276 537
294 533
319 540
343 549
316 571
291 577
272 577
252 573
229 563
220 543
255 543
275 547
293 548
332 551
292 554
274 555
254 551
