121 389
124 433
132 474
139 513
150 552
169 586
197 613
232 632
274 637
315 633
351 615
380 590
402 557
414 520
422 481
431 441
436 398
150 349
168 322
199 311
230 314
260 325
312 329
339 319
369 316
398 327
412 354
284 373
284 404
284 436
284 467
250 484
265 491
282 497
299 492
315 486
185 386
202 375
222 376
240 388
221 392
200 393
323 391
341 379
362 380
378 391
362 397
341 396
218 540
236 524
260 517
280 523
299 519
320 527
337 545
319 565
297 573
277 574
256 572
234 562
228 540
259 536
280 538
299 537
326 545
298 549
278 550
258 547
