128 388
129 428
134 466
139 503
148 539
165 573
191 600
225 620
264 627
305 625
343 608
374 584
396 552
408 517
417 479
426 442
431 403
157 374
179 356
208 348
239 348
267 357
300 360
327 353
357 354
385 363
403 382
282 381
281 412
279 443
278 475
241 484
257 493
275 501
294 495
311 488
187 386
205 377
223 377
239 389
221 390
203 389
321 393
338 382
357 383
373 394
356 396
338 395
212 534
230 520
252 514
272 521
292 517
314 524
334 540
312 552
289 557
269 557
249 554
228 548
222 535
251 531
271 534
291 533
324 540
290 537
271 538
250 534
