111 402
113 446
119 487
126 526
137 563
160 594
192 617
229 634
271 640
315 638
355 623
389 603
414 572
428 536
436 496
444 455
450 410
143 371
165 348
198 338
232 337
265 345
301 349
333 341
368 342
400 354
421 378
283 380
282 413
281 445
280 478
244 493
260 501
279 508
298 503
315 497
177 388
196 376
217 376
236 392
215 395
194 395
327 395
347 381
369 381
386 395
369 400
347 399
210 548
230 533
256 526
277 534
297 528
322 537
343 554
321 570
296 577
275 578
252 575
229 565
221 549
255 545
276 548
297 547
333 554
297 552
276 553
254 550
