125 392
129 433
137 472
145 511
155 548
175 582
203 610
238 631
280 636
325 633
364 613
395 587
419 553
431 515
439 476
447 435
451 392
142 368
162 344
194 334
227 333
258 343
309 347
339 337
372 337
404 346
424 369
283 378
283 414
282 449
281 484
244 490
261 499
281 508
302 501
320 492
182 388
200 379
220 379
240 390
220 392
199 392
326 391
346 380
367 380
386 389
368 394
347 394
208 529
230 521
256 520
280 527
302 523
330 526
356 534
330 558
302 570
278 571
253 568
228 553
217 533
256 532
279 536
302 535
345 537
301 549
278 552
254 547
