118 382
120 427
125 469
132 509
144 548
164 584
192 612
228 633
269 639
311 636
348 618
379 593
401 559
414 521
424 481
434 440
440 397
148 351
168 327
200 318
233 320
264 332
314 336
344 328
375 327
406 337
422 365
287 376
286 410
285 444
284 479
247 493
264 501
281 508
299 503
315 498
183 382
201 371
222 373
240 388
220 392
198 391
326 393
345 379
368 380
385 393
368 401
346 400
215 544
238 533
260 528
279 535
298 531
318 538
339 551
315 563
294 566
275 567
256 564
235 558
226 545
259 543
278 546
297 546
328 551
296 545
277 546
258 543
