119 406
121 447
127 487
132 527
143 566
165 598
197 622
232 642
272 648
315 645
353 629
388 607
416 576
431 538
438 497
445 455
450 413
142 369
163 348
196 340
229 342
260 353
305 356
336 345
371 344
404 354
425 377
282 382
282 407
281 433
281 460
247 485
263 491
280 495
297 492
313 487
177 386
195 371
219 372
240 392
217 397
193 396
323 394
343 375
368 375
387 391
368 401
344 400
214 544
238 532
260 525
277 531
294 527
314 535
338 549
312 557
291 560
274 560
257 558
237 554
224 544
259 539
276 542
293 541
327 548
292 541
275 542
258 539
