120 399
123 442
127 483
132 523
143 562
167 594
198 620
231 640
269 647
309 644
347 627
382 603
410 572
426 534
436 494
444 451
448 407
143 372
165 352
198 347
232 349
264 359
300 364
333 355
368 355
401 363
423 384
282 385
282 412
282 439
282 467
244 487
261 494
280 500
298 496
316 490
178 385
196 371
219 373
239 392
217 396
194 395
324 395
344 377
367 378
386 392
368 402
344 401
215 547
237 536
259 530
276 536
293 531
313 539
335 552
311 562
291 567
274 568
256 565
236 558
225 547
258 543
276 546
293 545
325 551
292 546
275 548
258 545
