117 405
119 451
125 496
133 539
148 582
171 620
201 654
236 680
275 689
314 683
351 659
384 627
411 590
431 547
442 502
449 455
453 408
142 357
162 332
194 324
225 332
254 344
311 345
342 332
375 327
407 336
426 362
284 381
283 406
283 430
283 456
248 484
264 490
281 494
297 491
313 487
176 385
195 368
221 370
239 392
219 397
193 397
325 393
345 371
371 372
388 390
372 400
346 400
226 568
242 537
263 524
279 529
297 526
319 541
333 573
318 602
296 616
276 618
259 615
239 599
238 567
263 544
279 545
296 545
321 571
296 588
277 590
261 586
