119 394
120 437
123 479
126 521
137 563
162 600
195 633
231 661
273 670
315 664
354 639
391 610
421 574
438 533
445 489
449 446
452 402
141 371
162 348
195 340
229 343
258 355
312 357
342 345
375 344
407 353
426 377
285 382
285 411
285 440
285 470
243 485
263 493
283 501
305 494
324 487
176 385
196 370
220 372
241 392
219 393
195 392
326 394
347 375
370 374
391 390
372 396
349 397
193 531
225 525
258 524
281 530
307 526
339 528
371 534
338 568
306 585
279 587
254 584
222 566
204 535
257 534
281 538
306 535
360 537
306 565
280 568
255 564
