117 388
118 432
121 477
126 521
137 564
161 600
193 630
231 655
275 663
320 659
361 637
397 608
425 571
440 528
447 483
453 438
457 392
139 350
161 328
193 326
224 334
254 346
314 344
345 332
377 327
409 333
428 356
283 378
283 410
283 442
283 474
241 490
261 498
281 506
302 500
321 493
178 382
197 371
220 374
239 388
218 390
196 389
327 390
348 376
370 376
388 387
371 393
349 393
210 551
234 537
259 535
280 541
303 537
328 542
354 555
327 566
301 571
277 572
256 569
233 561
221 551
258 548
279 552
302 550
343 555
301 551
278 553
258 549
