124 368
123 412
124 456
126 499
137 540
162 575
192 603
226 627
267 636
308 633
344 612
376 587
402 556
420 518
429 478
437 435
442 391
152 349
175 332
207 336
236 348
264 361
313 363
343 356
372 348
402 351
420 371
288 382
286 409
285 436
284 464
245 472
262 481
281 489
300 484
317 477
189 377
206 370
226 373
244 386
223 386
203 384
326 392
345 381
365 382
382 391
365 395
345 394
217 526
234 511
257 509
278 516
299 512
318 517
333 535
315 548
295 555
274 555
252 551
232 540
227 526
255 524
277 527
297 527
323 534
296 533
276 534
255 530
