119 395
120 439
124 482
129 525
142 566
165 601
196 632
231 657
273 666
315 661
354 638
389 610
415 574
431 533
439 491
446 447
450 403
142 353
163 330
196 326
228 332
259 344
309 345
341 335
374 332
407 339
426 363
284 380
283 407
283 435
282 463
245 485
262 492
281 498
300 494
318 488
176 382
195 366
220 368
240 389
218 394
193 393
324 392
345 372
369 372
388 388
370 398
345 398
215 550
236 532
260 526
279 532
298 528
321 537
341 556
319 577
296 588
276 589
256 586
233 573
227 551
259 544
278 546
297 546
329 556
297 561
277 562
258 559
