120 379
123 423
131 466
140 506
154 543
176 578
207 604
243 625
284 631
326 626
362 605
394 578
415 542
427 503
436 462
444 419
447 375
145 363
168 346
200 347
229 357
259 368
306 366
336 355
367 345
400 343
424 361
283 383
284 413
284 442
285 473
253 487
268 494
285 499
302 494
317 488
187 384
203 372
224 372
241 388
223 391
202 391
326 388
343 372
364 372
381 384
366 391
345 391
230 543
250 533
270 526
286 531
302 526
321 532
340 542
321 553
303 560
287 561
270 559
250 554
239 543
270 540
286 542
302 540
331 542
302 538
287 540
270 538
