124 381
127 422
135 462
141 500
152 537
171 572
202 599
238 620
281 627
324 624
362 604
393 578
414 543
425 506
433 467
441 427
446 385
148 363
170 346
200 345
229 353
258 363
300 364
330 356
361 349
394 352
418 370
280 382
280 409
281 436
281 465
253 481
267 487
281 492
297 488
311 483
189 384
204 372
224 372
241 387
223 391
203 391
324 390
340 376
360 376
377 388
362 395
341 395
231 540
248 529
267 522
283 527
298 522
318 531
337 542
319 558
300 563
284 564
267 562
248 555
241 541
267 538
283 540
298 539
327 543
299 542
284 543
268 541
