117 393
122 438
131 481
143 524
158 564
180 602
212 634
251 657
293 664
334 654
373 629
403 596
422 557
435 516
441 472
447 428
449 382
139 347
154 318
183 305
214 305
244 317
303 314
334 301
368 298
400 311
419 340
276 371
277 399
278 427
279 456
255 485
268 490
282 493
295 489
308 483
180 389
196 374
218 373
238 388
218 396
196 397
320 387
338 370
361 370
378 384
363 393
339 393
242 563
254 541
273 527
286 530
299 526
320 538
334 558
323 589
304 603
288 605
273 603
255 591
252 562
274 546
287 546
300 545
324 559
301 577
287 579
273 577
