121 398
125 439
132 478
141 516
154 552
176 585
208 609
246 625
287 631
328 626
364 606
395 579
415 545
425 507
430 467
436 427
439 385
145 372
163 352
192 343
222 343
252 348
297 347
328 342
359 340
389 347
411 366
276 375
278 403
280 432
282 461
253 483
268 487
283 491
298 486
311 480
184 389
198 378
217 376
236 387
218 391
199 393
319 385
336 373
355 374
372 383
356 388
336 388
228 540
247 530
267 521
284 525
298 519
319 526
338 536
321 550
302 556
287 558
269 557
249 552
238 540
268 536
285 537
300 535
329 536
300 535
286 537
269 536
