123 397
127 438
135 478
143 516
156 552
176 585
207 610
244 628
286 634
329 629
366 610
397 585
418 551
429 513
436 473
443 433
448 390
146 358
164 334
195 328
226 334
255 346
300 346
333 334
366 327
400 333
421 359
280 378
281 404
282 430
282 457
256 483
269 486
284 489
298 486
311 482
185 387
201 375
222 374
239 389
221 395
200 395
323 389
340 374
361 374
378 386
362 395
341 394
233 545
253 533
272 524
286 528
299 523
317 531
336 543
318 554
301 559
287 561
272 560
254 556
243 545
272 540
286 541
300 539
327 542
300 539
287 541
272 540
