131 409
133 449
137 486
146 524
159 558
181 589
211 615
245 634
286 641
328 636
364 615
395 587
415 553
427 515
434 475
440 435
442 393
154 363
170 340
197 330
226 327
256 331
302 328
334 322
366 323
395 335
413 360
277 370
278 398
279 425
280 454
252 478
266 483
282 488
298 482
313 475
184 386
199 369
222 368
240 386
221 393
198 394
319 384
336 365
359 365
376 382
361 391
337 390
233 543
249 527
270 517
285 521
300 516
322 524
340 540
323 563
302 574
286 576
269 575
250 566
242 544
270 533
285 534
300 532
330 540
301 551
286 553
269 552
