124 392
129 435
137 475
146 514
159 551
182 583
213 610
248 630
288 637
329 631
364 608
396 581
418 548
429 509
437 469
443 428
446 386
144 359
159 330
188 316
221 314
251 325
306 327
338 316
373 318
403 333
420 362
280 371
281 402
282 432
284 463
254 481
269 486
286 492
302 485
317 478
184 385
200 371
222 370
243 386
222 392
199 392
322 387
341 371
363 370
380 384
364 392
342 392
221 528
246 523
270 518
289 521
305 516
329 518
353 523
331 549
309 562
290 565
271 563
247 553
230 531
271 526
289 527
306 524
344 525
307 544
290 547
271 546
