128 368
130 411
136 451
142 494
153 533
173 569
205 597
243 619
286 626
329 619
367 598
400 571
422 536
433 496
440 455
446 414
449 372
150 354
172 340
200 337
228 339
256 346
310 347
339 341
369 339
397 345
418 361
283 379
283 411
283 442
282 474
250 487
265 494
282 499
300 495
316 489
181 382
200 371
222 373
242 390
220 393
198 393
324 392
343 375
365 375
385 387
367 397
345 397
219 533
246 530
268 528
283 532
298 529
321 530
348 532
322 549
299 556
283 558
267 556
244 549
230 534
267 539
283 542
298 540
337 534
299 538
283 540
268 538
