129 369
132 410
139 450
146 491
157 530
177 567
206 597
242 620
281 628
321 619
357 596
388 567
408 532
420 494
427 453
432 413
435 372
151 346
171 328
197 322
224 325
250 335
315 338
340 327
367 324
393 332
412 350
282 377
283 406
283 434
284 463
256 481
269 487
283 492
297 488
310 483
182 380
201 366
225 368
244 390
222 395
198 393
319 392
338 371
362 369
381 384
365 396
340 397
229 533
250 524
270 519
283 524
295 520
314 525
335 532
315 556
296 565
281 567
267 565
248 556
239 534
269 534
282 536
295 535
324 534
295 542
282 544
268 542
