125 360
131 404
140 445
149 486
164 524
187 560
217 589
249 614
285 621
321 614
355 590
384 560
406 524
421 486
430 445
438 402
441 357
152 362
180 357
208 361
235 367
262 375
298 376
325 367
353 361
383 357
412 364
281 391
281 421
281 452
282 483
253 491
267 498
283 502
299 498
313 492
182 383
201 377
222 378
240 392
220 395
199 395
322 393
339 379
360 378
380 385
362 396
341 396
233 534
250 529
268 525
283 530
297 526
316 529
334 534
317 557
298 566
283 568
268 565
250 556
243 536
268 537
283 539
297 537
325 536
298 542
283 544
268 541
