130 373
133 414
142 454
149 493
160 531
180 565
210 593
245 616
285 622
324 614
361 592
392 564
412 530
422 492
428 453
434 413
436 372
152 348
170 331
196 325
223 326
249 334
313 335
338 325
365 322
391 330
410 348
280 377
281 407
282 436
282 466
254 481
268 487
282 492
297 488
311 483
182 382
200 368
224 370
243 390
221 396
197 395
317 392
337 371
360 369
379 383
363 397
339 397
230 530
249 520
268 516
283 521
297 517
317 521
338 530
318 551
298 559
282 561
266 559
247 550
240 531
268 530
283 532
297 530
327 531
297 537
283 539
267 537
