125 372
129 413
136 452
143 492
153 530
172 565
203 593
242 613
287 620
332 613
371 593
404 566
424 530
433 490
439 449
444 409
446 367
149 365
173 352
202 351
231 356
258 366
307 367
334 356
364 350
394 352
419 366
283 384
283 414
284 443
284 473
251 482
267 489
284 495
302 489
318 482
182 386
201 377
222 377
241 392
220 394
200 393
325 393
344 378
365 377
385 387
367 394
346 395
225 526
246 518
267 517
285 521
302 516
323 517
346 523
325 541
304 550
286 553
267 551
246 543
235 527
267 529
285 531
302 529
336 524
303 529
285 532
267 529
