124 369
126 411
131 452
136 494
147 534
169 569
201 599
238 622
280 631
323 624
361 601
394 572
417 537
429 498
434 456
440 415
443 373
145 357
167 339
195 336
224 341
252 353
314 355
342 346
371 342
400 347
420 366
283 384
283 415
283 445
283 476
245 482
262 490
281 497
301 491
318 484
180 384
199 374
220 376
240 393
218 395
196 393
323 396
342 379
364 379
384 390
366 399
344 399
200 509
231 509
260 511
281 516
300 513
329 513
361 512
331 546
300 560
279 561
257 558
229 543
211 514
259 521
280 525
300 522
350 517
300 542
280 544
259 540
