122 373
125 416
133 458
139 500
150 541
170 577
203 606
241 628
283 635
325 629
366 608
402 580
425 544
437 504
444 461
450 419
453 376
142 354
165 337
195 335
225 341
253 353
313 355
342 344
373 340
404 344
427 361
283 385
283 414
283 443
283 473
253 491
267 497
282 501
298 498
312 493
177 384
197 371
221 373
241 394
218 398
193 397
327 396
346 377
370 376
390 390
373 402
348 402
222 539
249 536
269 533
283 537
296 534
316 538
343 542
316 559
296 565
281 566
267 564
247 557
233 542
268 544
282 546
296 545
332 544
295 545
282 547
268 544
