118 383
120 427
125 469
129 511
141 550
162 584
192 611
228 631
270 639
312 634
349 613
380 586
403 551
416 512
425 471
434 429
439 385
146 362
170 347
200 342
231 344
261 351
303 354
332 349
362 348
390 355
412 372
281 381
281 411
281 441
282 472
243 483
260 489
279 495
297 490
314 484
177 380
196 373
216 375
233 389
213 388
194 385
323 393
341 380
361 380
380 389
361 392
342 393
209 530
230 515
256 512
279 517
300 513
324 518
344 535
323 559
298 571
276 572
253 568
228 554
218 530
255 525
278 528
299 527
334 535
298 551
277 552
254 548
