122 374
123 417
129 461
137 502
150 541
171 576
200 603
232 625
270 633
310 629
346 610
379 584
404 550
420 511
430 469
438 426
442 383
146 345
170 331
199 330
228 337
253 351
314 355
341 346
370 341
398 346
419 362
284 384
284 413
284 443
283 474
250 492
264 497
280 502
296 499
310 495
178 379
197 370
218 373
235 392
215 393
193 390
328 397
346 381
368 379
386 390
369 399
348 400
219 546
243 539
263 533
277 539
290 536
310 543
332 551
309 563
288 567
275 567
260 565
241 558
228 546
262 545
276 548
290 547
323 551
289 549
276 549
262 546
