123 396
126 437
131 478
139 519
153 556
174 589
205 616
238 637
279 645
320 640
357 621
389 595
413 561
428 521
436 479
442 436
444 393
147 352
169 336
197 330
226 331
254 338
307 339
336 333
365 334
394 341
416 358
281 377
282 405
282 433
282 463
251 488
266 492
281 496
297 494
311 490
177 382
195 368
218 369
236 390
216 393
193 393
326 391
344 372
367 370
386 385
369 395
346 396
224 553
245 539
265 531
279 535
293 532
313 541
334 556
313 572
293 578
279 579
264 577
245 569
235 553
265 546
279 548
293 548
323 555
292 555
279 556
265 554
