126 377
128 420
135 462
143 503
156 542
177 579
206 607
241 629
281 635
322 630
358 610
389 583
413 547
427 507
436 465
442 421
443 377
147 352
170 339
197 336
225 338
253 344
306 343
335 336
365 334
393 339
416 353
280 381
281 413
281 444
282 477
252 495
266 500
281 505
297 501
311 496
177 382
195 373
216 375
235 392
214 394
193 393
326 393
344 376
366 375
385 384
368 394
346 395
222 549
245 543
265 538
280 542
294 538
315 543
338 550
315 563
295 568
280 569
265 567
245 562
231 550
265 550
280 552
294 550
329 550
294 549
280 551
266 549
