127 400
128 448
136 495
153 539
176 580
199 621
226 659
258 688
293 697
329 687
362 659
390 622
412 580
432 536
444 487
448 437
447 388
143 349
160 327
186 320
214 324
239 336
306 331
333 317
362 311
391 318
412 337
277 379
278 407
279 435
280 465
252 494
266 499
281 502
297 499
310 494
172 388
189 373
212 374
231 394
211 399
188 399
324 390
342 369
365 366
384 380
368 392
345 394
237 579
248 551
269 538
281 541
296 538
320 551
338 579
324 621
301 639
285 642
269 639
249 620
246 578
270 555
282 555
296 554
328 579
298 613
283 614
270 612
