133 387
130 428
131 468
135 508
148 546
169 581
196 611
230 634
269 644
309 640
347 621
381 596
407 564
425 527
433 485
439 444
440 403
151 351
172 336
200 333
227 338
251 350
316 352
342 343
371 341
399 347
419 366
284 383
283 412
282 441
281 471
244 484
261 490
279 496
298 492
315 488
179 378
198 369
218 372
235 390
215 388
195 385
331 395
348 379
368 377
387 387
370 393
350 395
196 519
226 517
256 517
278 522
298 519
328 523
360 528
328 560
297 571
275 572
252 568
223 553
205 522
256 527
277 532
298 530
351 530
297 554
276 554
254 551
