126 373
125 417
128 461
134 503
147 542
167 579
196 609
228 635
266 645
306 642
345 622
381 595
410 561
430 522
443 480
453 436
459 391
150 353
176 343
205 344
233 350
261 358
306 363
336 359
366 357
396 361
422 373
282 386
281 417
280 448
278 480
248 497
261 503
276 508
291 506
306 502
180 376
200 368
220 371
236 389
216 388
196 385
329 395
347 381
367 382
387 392
368 398
348 397
220 556
239 551
259 546
273 551
286 548
306 556
326 564
305 581
284 587
271 587
256 585
237 575
228 557
258 558
272 560
285 560
317 564
285 567
272 567
258 565
