95 371
95 420
98 465
103 510
118 553
142 594
177 626
221 651
270 659
319 653
360 629
393 599
415 560
429 518
438 475
447 430
451 384
132 349
158 330
191 327
224 332
254 345
312 350
343 338
376 335
408 342
428 366
281 376
280 406
280 436
279 468
242 477
259 484
278 489
296 485
311 480
169 378
190 371
211 373
232 385
210 387
188 385
326 389
349 379
371 379
390 388
371 394
349 393
214 532
234 510
257 504
277 509
297 505
319 514
334 539
318 562
296 572
275 573
253 571
230 558
223 531
257 521
277 523
296 522
325 539
295 548
275 549
255 546
