102 371
101 418
102 464
106 509
121 552
147 591
182 622
224 648
269 658
316 653
358 631
393 601
418 565
432 523
440 480
450 437
455 391
137 353
165 334
201 330
236 333
270 342
309 348
343 340
377 341
410 351
432 374
285 375
283 406
282 437
281 469
245 482
262 487
280 492
298 489
315 485
174 378
196 371
217 373
239 386
215 387
194 385
330 391
353 381
375 383
394 393
374 397
352 396
207 530
233 516
260 512
280 516
301 513
326 519
345 538
324 560
300 572
278 574
256 570
231 556
218 531
259 528
279 531
300 530
335 538
300 549
279 550
258 547
