99 372
98 419
101 465
105 511
118 555
144 594
182 625
226 648
273 656
322 651
363 630
398 601
422 564
435 521
443 477
451 433
455 388
134 348
158 325
191 317
225 321
256 334
319 339
349 325
381 322
413 333
433 360
284 375
283 405
282 435
281 466
247 486
263 492
281 495
298 492
314 488
169 383
190 372
214 373
237 390
213 396
188 395
329 392
352 378
376 377
395 390
377 400
352 399
213 545
243 534
265 526
281 530
297 526
320 535
345 545
320 560
298 565
281 567
264 565
242 559
225 545
265 544
280 545
296 543
335 545
297 544
281 546
265 545
