93 368
93 416
97 462
103 507
118 551
145 589
184 620
225 646
271 656
317 649
359 626
396 596
421 558
435 515
442 471
448 428
451 382
132 351
161 335
195 332
230 337
266 346
302 352
336 342
370 338
405 345
429 365
280 376
279 404
279 431
278 461
243 482
259 488
277 493
295 489
311 483
167 376
189 369
213 370
234 384
211 388
187 388
327 387
350 376
372 377
392 387
373 395
349 394
222 550
246 538
265 530
277 533
289 529
309 538
329 550
310 566
291 572
278 574
265 572
246 565
234 549
265 545
277 546
289 544
318 548
290 548
278 550
266 548
