102 370
99 419
100 466
103 511
118 554
145 591
182 622
225 647
270 656
316 650
358 628
394 600
419 565
433 524
441 481
448 440
452 395
139 343
162 321
195 314
227 321
257 335
326 342
354 330
385 327
416 339
434 366
286 375
284 406
283 437
282 469
246 481
262 487
280 492
298 489
315 485
174 377
195 369
216 372
238 386
214 389
192 387
330 392
354 381
375 381
393 392
374 397
353 396
200 523
232 516
260 514
280 517
300 515
327 519
353 527
327 558
300 571
278 573
258 570
229 555
211 525
260 525
279 527
299 525
343 529
300 550
279 552
259 549
