97 379
98 431
104 482
115 531
134 579
159 626
192 665
232 694
274 704
316 697
355 669
386 629
409 584
430 537
444 488
453 439
457 387
136 340
156 314
187 303
220 306
249 319
318 323
347 310
379 307
409 319
428 345
283 373
282 401
282 429
282 458
250 487
265 492
281 495
297 493
311 487
168 383
189 370
215 371
237 390
213 398
187 397
327 391
350 374
376 374
394 388
377 400
351 400
226 573
241 540
266 525
280 528
295 525
319 541
332 575
319 615
297 634
279 636
263 634
239 616
237 572
266 546
280 545
294 545
320 573
296 604
280 605
265 603
