101 378
101 424
105 469
109 513
122 554
147 591
182 619
224 642
272 649
323 646
367 628
402 602
427 566
440 525
447 483
455 439
460 394
135 353
160 332
193 324
229 324
263 331
308 338
343 328
379 330
412 342
434 367
282 372
281 404
281 434
280 466
245 482
262 487
280 492
298 489
315 485
170 380
192 372
214 373
236 386
213 389
190 388
329 390
353 379
374 380
394 391
374 396
352 395
210 533
236 517
260 512
280 516
300 513
324 519
348 538
323 546
299 549
278 550
257 548
234 542
221 532
259 528
279 530
299 529
338 536
299 529
279 530
259 528
