122 385
126 428
136 469
144 509
155 546
174 579
204 603
239 619
279 624
319 617
355 598
385 573
404 539
413 502
420 463
428 423
431 382
145 363
171 350
199 347
228 349
255 357
303 357
330 351
357 349
385 351
409 362
279 382
280 413
281 443
282 474
251 488
265 492
282 496
298 491
314 485
178 385
195 375
214 376
232 390
213 390
194 389
324 388
341 374
359 373
377 383
360 387
342 387
224 533
243 521
264 516
283 520
301 514
320 517
336 530
321 545
302 554
283 557
263 555
243 548
233 533
264 531
283 533
301 530
328 530
302 532
283 534
264 532
