115 380
120 425
130 467
140 508
152 548
173 584
204 610
241 626
280 630
319 623
355 604
387 577
408 541
418 500
424 458
432 415
435 372
132 366
157 351
189 349
221 353
252 363
305 364
332 353
361 346
392 344
419 357
280 387
281 419
282 450
283 482
249 498
265 502
282 506
299 501
315 496
171 386
189 377
210 378
230 393
208 394
188 393
327 389
345 375
365 373
385 380
368 388
347 390
219 545
241 536
263 529
283 535
300 528
321 533
341 541
321 554
301 562
282 565
262 563
240 557
229 545
263 543
283 545
301 542
332 542
300 542
282 545
263 543
