127 384
128 429
135 470
142 512
155 551
178 587
208 617
245 640
285 647
326 638
363 615
395 586
418 550
429 510
434 467
441 426
443 383
141 365
161 344
192 339
223 343
252 355
315 356
344 344
374 340
405 345
425 367
284 385
284 417
285 449
285 481
248 491
266 496
285 502
304 496
321 490
178 384
197 377
216 378
235 391
215 389
195 387
332 390
350 378
369 376
389 383
371 387
351 388
202 522
232 519
261 517
284 520
305 516
334 516
363 518
337 549
308 565
285 568
261 566
231 552
212 525
261 529
284 532
306 528
353 521
307 546
285 549
262 547
