120 392
125 436
136 478
146 519
157 558
176 592
206 617
242 633
284 637
325 630
364 611
394 585
413 550
421 510
427 468
435 427
438 384
139 362
160 340
191 334
223 337
252 349
309 350
337 339
367 334
398 337
420 357
281 381
281 411
282 440
282 471
250 491
265 494
282 498
298 494
314 490
175 386
192 373
214 374
232 391
212 395
190 394
328 390
345 373
367 371
385 383
369 392
347 393
221 543
242 531
263 523
281 528
298 523
318 529
339 541
319 554
299 561
281 563
263 562
242 556
230 543
263 540
281 542
298 540
331 541
298 540
281 542
263 540
