116 385
120 429
130 472
137 513
147 552
166 587
196 613
233 630
274 633
315 628
353 610
385 584
405 550
414 511
421 470
430 430
434 387
140 358
160 336
190 325
222 323
252 332
314 337
342 329
372 331
399 341
418 363
282 378
282 411
283 443
283 475
249 494
264 498
281 502
298 498
314 492
175 384
193 373
214 375
234 390
213 393
191 392
327 390
346 375
367 374
384 386
368 393
346 393
218 544
240 533
262 526
280 531
297 526
317 531
336 543
316 555
297 563
279 565
260 563
239 557
227 544
261 542
280 543
297 541
327 543
297 542
279 544
261 542
