122 381
126 427
137 472
147 515
159 557
178 594
207 624
245 643
287 649
329 641
367 620
396 590
413 552
423 511
430 467
438 423
440 379
139 348
159 325
189 318
219 322
246 335
319 337
344 324
373 319
402 325
422 346
282 380
283 413
283 445
284 478
252 496
267 500
284 505
301 500
317 495
176 383
194 372
215 374
235 392
213 396
191 394
329 391
347 374
370 372
388 382
372 393
350 394
223 547
246 538
267 532
285 536
301 531
322 536
344 546
323 565
303 575
285 577
266 575
245 566
233 549
267 548
285 549
301 547
334 547
302 552
285 554
267 552
