118 391
123 436
134 478
143 519
156 557
176 591
206 616
242 631
282 635
321 628
357 611
387 585
405 551
413 512
418 472
427 430
430 388
141 363
161 342
191 333
222 332
252 341
309 344
336 335
366 336
394 343
413 363
281 381
282 412
283 442
283 473
250 493
266 496
283 500
299 496
315 490
175 386
193 374
214 376
233 393
212 396
190 395
325 391
342 374
364 373
382 385
365 393
344 394
223 546
244 532
265 524
283 529
300 523
319 529
336 542
320 558
301 566
284 569
265 567
243 561
233 545
265 541
283 542
300 540
328 542
300 542
284 544
265 543
