127 380
132 423
140 466
147 507
160 548
184 584
213 617
248 643
288 650
329 642
364 615
393 581
415 543
425 500
430 456
434 412
436 368
159 372
182 362
208 361
234 366
261 373
300 368
325 359
352 354
379 353
404 362
280 389
280 418
281 447
281 478
258 494
269 500
283 504
296 499
308 493
191 392
207 384
226 384
243 395
225 400
206 400
320 392
335 380
354 378
371 385
357 395
338 396
236 549
253 542
270 537
284 541
298 536
316 539
335 545
317 564
300 573
286 575
271 574
254 566
245 551
270 549
284 551
298 549
326 547
299 550
285 552
271 550
