131 379
135 422
140 463
147 504
162 540
188 574
219 606
255 634
295 642
333 630
368 599
396 565
417 527
428 488
431 445
434 402
435 358
153 370
173 355
199 351
225 356
251 366
301 358
327 345
354 339
382 341
404 356
278 385
279 416
280 447
280 479
254 486
267 493
283 499
298 491
312 483
191 391
207 382
225 382
242 395
224 398
206 398
317 390
333 376
352 373
368 381
354 390
336 392
215 516
240 518
266 520
285 522
304 518
331 515
361 508
335 551
308 571
287 575
267 573
240 556
224 521
266 528
285 530
304 527
352 514
306 550
286 554
267 551
