127 364
131 408
141 450
149 491
162 531
185 567
214 599
249 627
289 634
329 626
364 599
390 565
411 526
421 485
425 442
431 399
433 355
154 362
175 349
202 347
229 351
255 358
298 360
324 353
351 350
377 351
401 361
279 386
280 419
282 453
283 487
257 497
270 503
284 508
298 502
311 495
189 387
205 378
225 380
242 394
223 398
203 397
317 392
333 377
352 375
370 384
355 393
335 395
229 543
248 537
267 533
285 537
302 531
322 534
341 538
323 558
304 567
286 570
267 569
247 562
239 545
267 545
285 547
303 544
331 541
303 544
285 548
267 546
