124 362
131 408
142 451
151 493
165 531
190 567
219 599
254 627
292 634
331 624
363 594
388 559
408 520
419 478
424 436
431 391
434 345
151 378
174 366
202 364
230 370
257 379
299 373
324 361
352 353
380 353
405 363
278 388
279 419
280 450
282 482
251 482
265 491
283 498
301 490
317 480
187 389
206 384
223 384
241 391
222 392
205 392
318 386
335 377
352 375
371 379
354 384
337 386
229 518
244 510
265 509
286 513
305 507
326 507
344 514
329 552
309 571
287 576
265 573
244 554
237 521
265 518
286 520
306 516
335 517
307 546
287 552
265 548
