133 385
138 426
146 466
154 506
166 544
188 579
217 609
252 633
290 640
329 630
363 605
392 575
412 538
421 498
425 456
432 413
435 370
156 365
176 349
202 344
228 350
254 359
303 355
328 342
355 336
383 340
405 355
281 382
281 411
282 439
283 468
260 488
271 492
284 496
297 491
309 486
192 390
207 380
226 380
244 393
226 399
206 400
319 390
335 375
355 373
371 383
357 393
337 394
235 542
254 535
271 530
287 533
301 528
321 532
342 536
323 558
305 568
289 571
273 570
254 561
244 544
272 544
287 545
302 543
333 539
303 543
288 547
273 545
