129 377
133 419
143 461
151 502
165 541
186 578
215 613
250 641
289 648
327 638
361 609
388 575
408 536
419 495
423 452
429 408
432 364
153 351
171 333
198 329
223 337
246 348
298 340
323 328
350 322
377 327
398 343
275 379
276 409
277 438
278 468
255 486
266 493
279 497
292 492
304 485
188 388
202 375
224 376
241 391
223 399
202 399
315 387
330 370
351 367
367 379
355 391
334 393
238 552
249 535
267 528
281 531
297 528
317 534
335 548
320 580
301 591
284 593
268 592
250 581
248 552
268 541
282 541
298 540
324 550
299 565
282 567
267 565
