136 383
141 423
150 462
157 501
169 540
189 576
218 607
254 632
295 638
337 629
373 603
401 571
420 533
429 493
434 453
439 413
439 372
158 361
175 341
202 336
229 341
255 351
297 351
325 342
353 338
381 342
403 357
280 381
281 408
282 436
282 464
261 485
272 490
285 493
297 489
309 483
193 387
207 374
228 375
246 391
227 399
205 398
320 389
336 373
357 371
374 382
360 394
339 395
239 547
254 533
271 525
287 529
302 524
320 531
338 543
323 565
305 575
289 577
272 576
254 568
249 547
272 540
288 540
302 539
327 543
303 549
288 551
272 550
