122 378
123 420
126 461
131 500
142 539
164 573
196 602
233 626
278 635
322 628
363 607
398 580
423 546
435 506
440 465
445 424
449 381
146 354
168 338
198 337
228 343
256 353
312 353
340 342
370 336
402 340
424 358
284 377
283 404
281 431
280 459
245 473
262 478
280 483
299 478
317 474
180 383
200 376
219 378
239 388
218 389
198 388
329 389
348 379
368 379
388 387
369 391
349 391
196 512
227 504
258 501
280 505
302 503
334 507
366 515
335 547
303 559
279 561
256 558
225 544
207 514
258 515
280 518
302 517
355 517
303 539
280 541
257 538
