115 393
120 434
127 474
133 514
143 554
161 589
193 614
236 630
284 634
331 631
372 614
405 589
423 554
430 513
436 471
443 429
446 386
145 356
164 337
194 331
224 333
253 343
308 341
336 329
367 325
397 332
418 351
280 371
281 397
282 424
282 451
249 470
265 476
282 480
300 476
317 470
177 386
195 377
215 376
237 386
215 390
195 391
325 385
346 374
367 374
386 383
367 389
346 389
221 538
242 513
265 503
284 506
302 502
326 512
347 534
327 545
304 548
285 548
266 548
242 545
231 535
265 523
284 523
302 523
336 533
303 526
285 527
266 526
