119 392
121 435
127 476
136 518
148 558
166 595
195 627
234 649
279 655
326 652
367 634
397 603
416 565
428 524
438 483
448 441
452 398
145 342
164 319
195 311
226 317
254 332
310 332
340 317
373 312
403 324
422 347
283 371
283 395
282 420
282 445
255 478
268 483
281 486
295 483
308 480
175 382
194 364
221 365
242 386
219 394
192 394
323 387
345 365
372 366
390 385
373 396
346 396
219 558
241 536
265 526
279 530
295 527
321 540
345 563
322 582
296 584
279 584
264 582
241 577
231 557
265 546
279 546
295 547
333 562
295 563
280 562
265 561
