122 396
125 437
132 476
138 514
147 553
164 589
193 616
231 635
277 640
324 637
366 623
400 599
420 564
431 525
439 484
448 444
453 401
152 363
172 343
200 334
232 333
261 339
305 338
337 331
370 333
400 345
420 367
283 371
282 396
282 421
280 448
253 477
266 480
281 483
296 481
310 478
183 389
201 380
220 378
241 388
221 392
201 393
329 389
349 380
370 381
388 392
369 396
349 394
223 548
243 529
264 520
280 524
296 521
319 533
342 553
319 560
296 560
280 560
263 558
243 555
232 546
263 538
280 539
296 539
332 551
296 542
280 542
264 540
