108 400
112 445
121 488
128 531
141 571
161 606
194 634
235 654
278 661
322 654
364 636
400 610
423 576
435 535
443 492
453 449
460 404
144 364
167 345
198 339
231 340
263 347
300 347
334 340
368 339
400 345
425 364
282 374
281 399
280 424
279 450
252 481
265 485
278 487
293 485
306 482
174 388
193 374
217 373
237 389
216 394
193 395
327 390
349 372
373 374
392 390
373 397
349 395
219 559
241 538
262 526
276 530
291 526
314 540
337 560
315 573
293 577
277 578
261 576
240 572
231 556
262 547
276 548
291 547
325 558
292 548
277 549
262 548
