118 396
122 437
130 475
137 514
147 553
166 586
197 612
234 631
277 637
321 633
361 616
395 591
416 558
428 520
437 480
447 441
452 399
145 358
167 339
197 333
228 339
257 351
309 347
338 334
369 328
401 335
423 354
283 376
282 400
282 423
281 448
254 475
267 479
280 482
295 480
308 477
178 389
196 378
218 378
239 391
217 395
195 396
327 390
348 377
370 377
389 389
371 397
348 396
219 538
243 526
264 517
277 520
291 517
313 528
340 541
312 554
291 557
277 557
263 556
242 552
229 539
263 534
277 535
291 535
328 542
291 536
277 536
264 535
