120 398
122 442
131 486
140 528
156 569
177 608
206 644
242 672
283 680
323 672
361 647
392 613
413 573
430 532
443 489
453 445
458 400
146 347
166 322
196 313
226 317
254 331
310 328
341 314
373 310
405 321
425 345
283 370
282 393
281 417
281 441
256 475
268 479
280 481
294 478
306 475
177 387
196 369
221 369
241 387
220 396
194 397
328 386
349 367
374 367
392 384
376 395
350 394
229 562
245 532
267 516
279 518
294 516
317 532
335 562
318 595
295 610
279 612
264 610
243 596
240 562
267 537
279 536
294 536
324 562
294 582
279 584
266 583
