143 386
142 424
146 462
150 500
159 538
174 573
199 603
233 626
275 633
317 628
355 610
386 584
406 551
417 513
424 474
431 434
433 394
167 353
188 342
212 341
235 347
258 358
310 357
334 346
360 341
384 345
403 360
284 380
283 406
282 432
282 459
253 480
266 485
281 490
295 486
309 482
191 385
207 375
227 376
244 391
225 395
205 394
323 392
340 378
361 377
376 388
362 397
342 397
218 531
240 520
262 516
279 520
295 517
317 523
340 534
316 549
293 555
276 555
258 553
237 545
227 532
261 531
278 533
295 533
331 535
294 534
277 535
260 532
