135 372
135 411
140 449
144 486
154 525
172 561
199 591
234 615
274 623
314 616
348 593
375 563
393 527
401 489
407 451
413 411
414 372
165 365
187 354
212 353
236 360
259 369
304 372
326 361
350 353
374 353
394 364
283 381
284 409
285 437
285 467
254 477
268 483
284 489
299 483
311 476
192 383
209 377
226 378
243 388
225 389
207 389
319 387
335 377
353 375
369 382
354 388
336 388
219 518
238 508
261 507
281 512
299 507
320 509
338 518
320 542
299 555
279 557
259 555
236 543
227 519
261 520
281 523
299 521
329 520
298 534
280 537
260 534
