137 382
137 423
142 464
148 505
159 545
176 582
202 613
235 637
274 645
315 639
352 617
381 587
400 550
412 511
419 471
427 430
429 389
161 349
182 334
207 330
233 336
256 347
307 346
331 335
358 331
384 338
402 356
281 378
280 405
280 432
279 460
252 483
264 488
278 493
291 490
304 485
185 383
202 370
224 372
242 390
222 395
199 394
318 392
337 374
359 374
376 388
361 398
338 398
221 547
239 529
260 521
276 526
291 523
311 532
330 549
312 573
291 581
274 582
257 580
237 570
231 546
260 536
275 538
290 538
320 549
290 558
275 559
259 557
