150 379
150 417
155 455
161 492
170 530
187 566
212 598
244 623
285 629
327 623
365 602
394 572
415 535
426 495
432 455
437 413
437 372
170 366
190 356
213 353
237 354
261 360
302 356
327 349
353 347
378 350
400 360
282 381
282 411
282 441
281 471
255 486
268 492
283 496
298 491
312 485
193 386
210 377
229 377
247 391
227 393
209 393
323 388
339 374
359 372
376 382
360 390
341 390
228 532
245 521
265 517
284 522
301 517
324 519
347 529
325 545
302 554
284 557
265 555
245 548
237 532
265 533
284 535
302 532
338 530
302 533
284 536
265 534
