131 405
134 444
141 481
146 519
156 555
173 589
201 616
237 634
279 641
320 635
357 617
386 591
403 558
412 521
418 483
424 445
427 405
165 362
185 348
210 342
237 341
263 346
302 344
329 339
356 341
380 349
398 364
282 376
282 400
283 424
283 450
254 476
267 481
281 485
295 482
308 478
187 387
203 374
224 373
242 390
223 395
202 396
319 389
336 373
358 373
375 387
359 396
337 395
224 545
242 523
263 514
279 518
294 515
314 524
331 546
313 563
294 570
278 572
261 570
241 563
234 544
263 529
279 530
294 530
320 544
293 548
278 550
262 548
