135 380
136 421
143 462
150 503
162 543
182 581
210 614
245 639
286 645
328 636
366 611
395 577
414 536
423 493
428 450
432 407
431 364
157 366
180 356
206 357
233 363
257 372
298 370
322 358
349 349
376 346
401 355
280 385
281 414
282 444
283 475
256 492
269 497
284 501
298 496
311 490
181 387
199 375
221 376
239 393
218 397
197 397
320 389
337 371
360 368
378 378
363 390
341 392
223 543
243 532
266 527
284 531
300 526
323 530
347 536
324 563
302 575
283 578
265 577
243 567
233 545
266 541
284 543
300 540
337 539
301 552
283 556
265 554
