145 379
142 416
142 452
144 491
153 530
171 567
197 600
231 628
272 638
315 634
354 613
386 583
409 548
423 510
429 469
434 431
435 392
167 353
186 341
211 339
236 344
258 356
312 355
336 344
362 340
388 346
406 362
284 378
282 405
281 432
279 460
249 475
263 481
279 487
296 482
311 477
192 382
209 374
227 376
245 388
225 390
207 389
324 390
342 378
361 377
378 387
362 393
343 393
196 508
224 502
255 504
278 508
301 505
332 507
363 513
332 549
299 563
275 565
251 561
220 545
204 512
254 516
278 520
300 518
354 517
300 546
277 549
253 545
