119 386
124 429
131 470
137 512
147 552
166 588
195 614
234 634
278 640
321 636
359 617
389 590
407 556
416 517
424 477
434 437
440 395
150 348
169 328
198 323
226 327
252 341
316 340
342 328
370 324
397 331
415 352
283 377
283 401
283 424
282 449
255 475
268 479
281 482
294 480
307 477
184 382
201 367
224 368
242 389
221 394
198 393
322 392
341 372
364 371
381 387
366 398
342 398
224 543
243 518
266 507
281 510
296 507
318 521
336 547
317 569
296 576
280 577
263 575
241 566
235 542
266 522
281 523
296 524
325 546
295 553
280 554
265 552
