125 399
133 440
142 480
151 520
163 557
185 588
217 611
254 628
296 632
338 624
375 604
405 578
426 545
434 506
437 465
442 424
446 381
147 370
165 352
191 346
219 346
247 352
303 348
330 337
358 333
387 336
410 352
276 376
277 401
278 425
279 451
253 473
267 477
283 479
298 475
312 470
184 390
201 378
220 377
238 390
219 394
200 395
320 385
337 370
357 368
375 379
359 386
340 387
221 529
241 510
265 501
287 503
306 498
333 503
359 520
337 546
311 558
290 561
268 561
242 551
230 530
266 515
287 515
306 512
350 522
308 540
289 543
267 542
