126 381
129 426
136 469
141 512
150 553
173 586
207 609
242 628
280 635
320 630
357 612
393 589
418 557
430 517
437 474
445 429
450 384
151 363
174 350
203 350
232 353
260 360
303 362
331 354
360 351
389 351
414 364
281 381
281 408
281 434
280 461
251 482
266 487
281 491
297 488
312 483
188 385
205 376
224 376
243 389
223 392
204 391
324 391
342 378
362 379
380 388
362 394
343 394
224 536
244 525
265 518
281 522
296 519
317 526
339 538
317 547
296 551
280 552
263 550
243 546
232 535
264 532
281 534
296 533
331 537
296 535
280 536
264 534
