115 398
123 441
134 482
144 522
157 558
181 588
215 608
254 623
295 627
335 619
372 600
403 576
422 541
429 502
433 460
437 419
439 376
147 371
168 357
194 354
220 353
248 358
302 354
327 345
353 340
380 339
403 351
276 379
278 404
280 429
282 455
258 479
271 482
285 484
299 480
311 475
184 392
200 380
220 377
237 391
219 395
200 396
318 385
333 370
353 369
371 378
356 386
336 387
235 537
251 521
272 511
288 513
303 508
323 514
343 528
327 542
307 550
291 553
274 554
253 549
243 536
272 529
289 529
304 527
334 528
305 526
290 529
274 529
