122 382
125 423
130 463
135 502
144 540
162 574
193 598
230 615
274 621
317 616
357 601
391 579
413 547
423 509
430 470
438 430
443 388
152 353
173 339
201 336
229 339
256 350
309 353
337 344
366 343
393 346
414 362
282 379
282 401
282 423
281 447
254 474
267 477
280 480
294 478
307 475
185 382
203 371
224 372
242 389
222 393
200 392
323 390
341 375
362 375
380 387
364 396
342 396
220 531
240 514
263 504
278 509
293 505
315 516
336 534
315 546
293 550
277 551
260 550
239 544
230 530
262 524
278 525
293 525
326 533
292 525
277 525
261 524
