128 390
133 430
140 469
147 508
157 545
176 576
206 599
241 617
281 623
322 618
358 600
389 576
409 544
419 507
426 467
433 427
438 386
156 364
176 350
202 348
229 349
256 356
307 354
332 343
359 338
386 339
407 354
280 379
280 403
279 427
279 452
252 473
265 478
280 482
295 478
308 474
189 385
205 373
225 373
242 389
223 394
203 393
320 389
336 372
358 370
375 383
360 393
338 393
221 531
240 514
263 505
281 509
297 505
321 512
342 531
322 551
299 559
281 560
263 558
240 550
231 531
263 520
281 521
297 520
332 531
298 539
281 540
264 538
