121 374
125 417
131 459
137 500
148 537
169 570
200 594
235 613
272 622
310 617
344 598
374 575
396 542
407 503
414 462
422 420
426 378
162 361
185 352
211 353
236 356
260 362
308 365
332 358
356 355
380 354
401 366
285 384
285 409
284 434
284 460
254 477
268 482
283 486
297 483
310 479
196 384
212 376
228 376
243 387
227 389
210 388
321 390
336 378
354 378
370 387
354 392
337 391
217 522
238 511
263 507
281 512
297 508
320 515
338 530
319 550
296 556
279 556
260 553
236 542
225 523
262 521
280 523
297 524
329 530
296 538
280 538
261 535
