117 365
122 410
131 453
137 495
148 538
171 575
202 608
236 637
279 649
324 640
365 614
402 583
429 545
442 502
449 456
456 410
460 365
142 334
163 317
192 315
219 324
244 340
320 341
345 326
373 318
402 321
424 339
281 375
281 403
281 430
281 458
248 474
263 481
281 487
299 482
315 477
182 379
200 370
221 371
240 385
219 389
198 387
326 388
344 375
366 374
385 384
367 392
346 393
204 515
232 511
261 509
281 514
301 510
332 513
364 518
332 556
301 571
279 573
257 570
230 552
215 519
260 520
281 523
301 522
353 522
300 551
280 552
259 549
