128 362
132 405
141 446
148 486
157 526
174 562
202 589
238 612
281 623
325 619
365 600
400 573
426 538
442 499
452 456
460 411
466 365
155 351
180 342
208 346
235 355
261 366
303 366
330 357
360 349
391 346
420 356
282 383
281 409
280 436
279 463
249 474
263 481
279 486
297 482
314 476
189 380
207 376
225 376
243 386
223 387
206 386
328 389
346 380
365 381
385 386
365 391
346 391
232 530
247 514
265 507
280 510
295 507
315 515
333 534
314 546
295 552
278 552
263 551
246 544
241 529
265 525
280 526
295 526
323 533
294 529
279 530
264 528
