113 382
119 424
127 466
136 506
146 546
166 581
198 607
236 628
281 635
326 628
367 608
403 583
427 548
438 509
446 467
453 425
458 382
142 341
165 326
195 324
224 330
252 342
311 343
338 330
369 325
399 328
422 345
281 374
281 397
281 420
281 443
253 470
267 475
281 478
296 475
310 471
181 382
199 372
219 372
239 385
218 391
197 391
324 387
343 375
365 376
383 386
366 394
344 393
221 532
244 516
266 507
283 511
298 507
320 515
343 532
320 546
298 553
281 554
264 553
243 546
232 532
266 527
282 528
298 527
332 532
297 530
282 531
265 530
