121 386
128 426
136 465
144 503
153 542
171 576
201 603
237 624
282 632
327 625
368 605
403 579
425 545
436 506
443 466
451 425
457 384
150 352
173 337
201 333
231 334
259 341
305 338
334 330
365 330
394 337
417 353
282 372
282 396
282 419
281 444
252 467
266 473
282 477
297 473
312 469
185 380
203 367
226 367
244 384
224 390
202 389
323 385
341 368
364 368
382 383
365 392
342 391
227 531
245 512
266 504
281 508
296 505
319 513
339 532
319 548
297 556
280 557
264 555
244 547
237 530
266 522
281 523
296 522
329 532
296 535
281 536
265 534
