113 363
119 408
128 453
136 496
149 538
173 576
205 606
242 630
286 637
331 630
371 607
406 579
431 542
444 500
452 457
460 410
464 363
143 347
172 339
203 342
232 351
261 360
304 360
334 349
364 340
396 336
426 346
284 383
284 409
284 435
284 462
255 484
269 489
284 492
300 489
314 484
181 383
200 373
222 374
241 390
220 396
198 395
327 390
345 374
368 373
388 382
370 394
348 395
226 545
249 532
269 523
285 528
300 523
320 532
344 545
321 558
301 564
285 565
269 564
249 558
237 545
269 541
285 542
300 541
334 545
300 541
285 543
269 541
