121 372
127 416
136 459
145 501
156 543
176 581
205 612
240 638
284 647
328 640
369 616
404 585
428 547
441 505
450 461
458 417
462 372
147 333
168 317
195 314
222 324
247 338
318 338
343 323
372 315
401 319
424 336
282 375
282 399
282 424
281 449
257 476
269 480
282 484
295 481
308 477
184 377
201 361
225 363
242 385
222 392
198 390
326 387
343 365
368 364
386 381
370 394
346 394
230 543
247 523
268 512
282 517
296 513
318 525
338 547
319 567
296 576
281 576
265 574
245 564
241 543
267 534
282 534
296 535
326 546
296 549
281 550
266 548
