112 385
119 427
127 468
135 508
146 547
168 581
200 607
238 627
284 633
330 627
370 608
406 583
429 550
441 511
448 471
456 430
463 388
146 354
170 337
200 333
231 334
261 344
305 340
336 332
369 332
400 340
423 358
284 376
284 402
284 427
283 453
254 479
268 483
283 486
298 484
312 482
184 384
202 373
224 372
243 387
222 392
201 392
326 389
345 376
367 377
386 389
368 396
346 395
225 540
245 523
265 516
281 520
297 516
319 525
342 542
318 549
297 553
281 553
264 552
244 547
234 538
265 533
281 534
297 533
332 540
297 533
281 534
265 533
