110 380
117 426
124 469
129 511
143 549
170 581
207 602
250 619
292 623
332 612
366 590
393 567
412 532
420 492
422 452
424 412
424 370
152 348
174 333
199 324
227 326
252 336
314 337
334 322
357 316
381 319
399 334
283 369
286 403
289 436
292 470
256 475
273 483
291 490
306 483
318 473
179 387
197 382
216 380
236 384
217 387
198 389
320 382
338 375
357 375
375 379
358 382
340 383
231 529
251 510
272 505
288 508
304 504
323 508
338 523
324 543
307 551
290 554
273 553
251 549
240 527
272 517
289 520
305 517
328 523
305 531
289 534
273 534
