118 389
123 432
130 473
134 516
143 557
169 592
206 618
249 641
294 646
339 637
378 612
410 582
430 546
437 506
439 463
442 422
443 380
141 352
160 332
188 326
215 331
239 345
308 341
333 327
362 323
392 330
415 348
278 377
280 410
281 443
283 477
250 486
266 493
284 499
300 492
316 484
175 386
193 375
214 375
235 389
213 392
192 392
322 388
342 373
363 372
383 383
364 389
343 390
206 524
234 516
262 514
285 516
307 511
336 513
367 519
340 548
312 562
288 566
264 564
234 552
217 527
262 525
286 527
308 523
356 522
310 543
287 546
263 545
