127 411
131 450
137 489
143 529
154 568
174 601
205 629
244 650
287 656
330 649
367 628
395 597
412 562
421 523
427 482
431 442
433 400
157 365
176 345
202 337
230 337
254 347
300 342
326 331
355 332
382 341
401 360
279 377
280 404
281 432
281 461
257 481
269 486
282 490
295 486
306 480
181 391
198 375
221 374
240 391
220 398
198 399
318 390
336 372
360 372
377 388
360 396
338 395
235 559
246 527
266 513
282 516
297 512
319 525
334 555
321 578
300 588
283 590
266 589
246 581
245 557
267 535
282 534
298 534
323 553
299 561
283 563
267 562
