118 407
123 449
131 491
138 534
152 574
174 610
208 642
248 665
291 672
332 662
367 636
393 603
410 566
421 525
427 482
432 439
433 394
145 350
162 328
189 319
216 323
239 337
309 330
332 315
359 311
385 319
404 339
277 376
279 404
280 432
282 461
257 483
269 489
282 492
295 489
305 484
173 392
189 372
215 372
236 392
215 399
189 401
317 389
337 368
362 367
380 385
364 396
339 396
238 565
249 532
268 517
283 520
297 517
319 531
332 563
321 589
302 601
285 604
269 602
250 591
249 562
269 540
283 539
298 540
320 561
299 571
284 573
270 572
