120 397
125 439
132 478
135 519
143 559
166 592
202 614
245 632
291 636
337 630
378 611
409 587
429 552
435 512
436 470
439 428
440 386
147 366
167 347
194 336
223 335
250 344
300 343
327 332
358 332
387 342
408 360
278 376
280 410
282 444
284 479
256 492
269 499
285 504
299 498
312 491
177 391
195 379
216 378
236 391
215 395
195 396
320 390
340 376
361 376
380 387
362 393
341 393
228 552
247 533
268 524
287 528
305 523
327 530
350 545
329 557
307 563
288 565
269 564
248 561
238 550
268 542
287 543
306 541
339 545
306 540
287 542
269 541
