117 407
122 450
127 489
132 528
141 566
164 598
201 620
244 638
289 643
333 637
371 618
403 593
420 559
427 521
431 480
436 438
438 394
148 366
169 348
198 340
228 342
257 351
294 349
323 338
354 336
385 343
409 361
279 377
280 406
282 435
283 464
254 484
268 489
283 493
298 488
311 483
176 390
194 377
217 375
238 389
217 395
195 396
319 387
338 372
361 373
380 386
361 393
339 392
233 554
248 524
267 511
284 515
300 510
320 522
334 552
322 565
304 571
287 573
269 572
249 567
245 551
268 535
285 534
301 534
322 548
302 540
286 541
269 540
