113 400
119 442
126 483
131 525
142 565
167 599
205 623
248 641
292 645
336 637
376 616
409 588
427 552
433 510
435 467
439 426
441 384
142 359
163 340
190 331
219 334
242 347
305 341
330 325
360 323
389 333
411 349
278 376
279 408
281 439
282 471
256 488
269 495
282 499
296 494
307 488
171 392
190 376
214 376
236 391
214 398
190 400
319 388
340 371
364 371
384 385
366 394
342 395
231 551
250 532
268 522
282 526
298 522
319 530
342 546
321 559
301 563
285 565
269 565
251 562
241 549
268 541
283 541
299 539
331 545
299 538
283 540
269 540
