127 382
130 424
137 465
144 505
156 542
177 576
206 603
242 625
281 632
320 625
355 603
384 574
406 539
418 500
426 458
432 414
434 369
152 370
172 354
199 350
227 354
252 364
306 360
329 347
355 340
383 342
405 356
281 382
282 411
284 441
284 471
253 478
267 486
284 492
302 486
316 478
185 387
202 377
221 377
240 392
220 392
201 392
321 389
338 372
358 369
377 378
361 385
341 388
231 534
246 515
267 508
284 513
301 509
322 515
338 534
321 557
302 568
284 570
265 567
245 555
241 533
267 525
285 527
301 525
328 534
301 543
284 545
266 543
