117 378
120 424
128 469
137 513
152 556
176 595
207 626
243 651
280 659
316 651
352 625
384 591
406 551
422 509
433 463
441 418
444 371
151 340
172 324
199 319
226 324
249 337
310 332
335 319
363 314
391 321
411 338
283 376
283 409
284 442
284 475
255 491
269 497
284 502
299 499
312 493
179 380
198 368
220 371
238 390
218 393
195 391
326 389
346 370
368 368
385 380
371 392
348 393
228 556
247 537
268 529
282 534
298 531
319 541
338 560
319 593
297 606
280 607
264 604
243 590
237 556
268 539
282 541
298 541
328 560
297 582
280 584
265 581
