113 376
116 421
122 466
129 508
143 548
170 584
202 614
242 639
283 648
323 637
360 609
389 575
412 538
425 498
430 455
435 412
436 368
145 361
168 345
196 341
224 347
249 358
309 354
334 341
361 335
389 338
411 353
282 383
283 416
284 449
285 482
248 487
266 495
285 502
303 495
319 488
177 385
196 374
216 376
235 393
215 393
195 391
324 390
341 371
362 368
381 379
365 387
345 390
199 518
231 516
264 516
284 520
306 516
336 515
364 516
337 558
307 576
284 579
262 576
229 559
208 521
264 526
284 530
306 526
355 519
306 556
284 560
263 556
