116 383
119 427
125 469
130 511
142 551
164 587
197 614
235 636
276 644
318 639
356 617
389 589
412 553
424 510
432 467
440 423
443 379
149 364
172 349
201 347
230 353
258 362
305 359
333 348
362 342
392 345
414 361
283 382
284 414
284 446
285 478
250 486
266 494
284 500
302 495
318 487
181 385
199 374
219 375
238 391
217 393
197 392
327 390
344 373
365 371
385 382
368 390
347 392
228 546
245 528
267 520
284 524
300 521
320 530
336 549
319 566
299 574
282 575
264 572
243 563
237 545
266 537
284 539
300 539
326 548
299 551
283 552
265 549
