122 388
125 429
131 469
137 509
150 546
172 579
203 605
241 625
280 633
319 626
355 605
385 578
405 544
416 505
423 465
431 424
433 383
152 360
173 345
201 342
228 347
253 358
309 353
333 340
360 335
387 339
408 354
283 383
284 412
285 442
285 472
256 487
269 493
284 498
299 494
312 489
182 388
199 375
220 376
238 394
218 398
197 397
324 392
341 373
362 371
379 384
365 394
344 395
223 540
247 531
268 526
282 530
294 528
314 533
338 541
314 557
294 563
280 564
266 562
245 555
233 540
267 540
281 542
294 542
328 542
294 541
281 542
267 540
