120 382
122 424
128 466
134 507
146 545
168 579
200 606
238 626
279 633
319 627
357 605
389 577
409 541
419 501
426 460
434 418
437 376
152 357
174 344
201 340
228 342
254 350
303 346
329 337
357 334
384 338
406 353
281 382
281 414
282 447
282 480
251 491
266 498
282 504
299 499
313 492
183 386
200 375
221 376
238 393
219 396
198 395
322 392
340 373
361 371
379 383
363 392
343 394
227 549
246 534
265 527
281 532
296 528
314 535
333 550
314 564
296 569
280 570
263 568
245 561
236 548
265 544
281 546
296 545
323 549
295 545
280 546
264 544
