110 395
112 438
119 480
126 522
139 563
161 598
195 626
237 647
280 654
321 647
358 625
387 593
406 554
418 512
426 469
433 427
434 384
146 351
167 332
194 325
223 327
249 336
301 332
328 321
356 318
384 324
405 342
280 374
281 406
282 438
283 470
252 484
267 491
283 496
298 492
312 486
173 384
192 369
214 371
233 391
213 395
190 395
322 389
341 367
364 365
381 380
367 391
344 393
224 550
242 523
266 515
283 519
302 516
323 526
338 554
322 580
301 591
280 593
261 590
239 577
232 548
266 529
283 531
301 531
329 552
300 567
281 568
263 566
