131 396
132 438
138 479
146 521
159 561
175 599
201 630
235 652
274 661
314 655
352 635
380 602
399 563
412 522
423 481
432 439
435 396
158 350
176 331
203 325
231 330
256 343
313 345
339 335
367 332
394 341
412 362
283 380
283 402
282 426
281 450
253 479
266 483
280 486
294 484
307 481
187 384
203 372
224 372
242 390
222 395
200 395
325 392
344 377
366 377
382 391
366 400
344 399
229 554
244 534
266 523
281 526
294 523
315 534
329 555
315 582
295 592
279 593
263 592
242 581
238 554
266 540
280 540
294 540
318 555
294 567
280 568
265 567
