122 395
124 435
130 474
135 514
145 553
166 585
197 611
234 631
275 640
318 636
355 617
386 590
406 559
417 521
424 481
431 444
435 404
150 353
170 336
199 332
227 337
255 349
314 352
342 343
371 340
398 348
416 368
284 378
283 401
282 425
282 450
249 472
265 477
281 482
297 479
313 475
185 382
203 373
223 374
241 387
221 389
201 388
325 391
344 379
364 380
381 390
364 395
344 394
203 518
233 512
263 510
282 514
300 511
327 516
355 522
327 548
299 557
280 558
259 555
231 544
213 522
262 522
282 524
299 524
345 525
299 540
281 541
261 538
