132 396
134 436
139 475
145 516
155 554
172 588
199 615
234 633
274 640
316 637
352 620
381 594
398 561
411 524
422 486
430 448
434 409
160 347
177 327
204 319
231 325
256 338
317 341
342 330
370 328
396 339
412 361
284 376
283 399
281 422
279 446
253 475
265 479
278 481
292 480
305 478
189 380
205 368
226 369
243 387
224 392
202 391
326 391
344 375
365 376
381 390
366 399
344 398
223 542
244 528
265 519
279 523
293 520
313 529
331 544
312 558
293 561
277 561
262 560
242 555
234 541
264 536
278 537
292 537
321 543
292 539
278 539
264 538
