127 374
129 417
135 460
139 501
149 541
166 579
193 608
229 630
271 639
315 635
352 615
381 585
399 549
411 508
419 467
428 424
431 381
154 352
176 341
202 344
227 353
252 366
311 369
336 360
362 353
388 353
409 364
281 380
280 405
280 430
279 456
250 473
263 479
278 483
294 480
308 475
187 379
203 374
221 375
237 384
219 385
201 384
323 386
341 379
359 380
376 386
359 390
340 389
219 542
236 523
259 516
279 520
298 516
320 523
334 542
320 562
298 569
278 570
257 568
235 561
228 541
259 532
278 533
297 532
324 541
298 545
279 546
259 544
