127 379
129 422
135 465
140 507
150 547
171 583
202 609
237 629
277 635
319 631
357 613
389 587
409 551
420 510
426 468
436 426
440 382
154 353
178 343
206 343
233 349
261 357
308 359
336 352
365 347
393 348
417 362
283 383
282 410
280 438
279 467
251 490
264 492
279 495
294 493
308 491
186 384
204 375
224 376
240 390
222 393
202 392
325 392
343 379
364 378
381 388
365 396
344 396
216 540
239 532
263 527
280 532
296 527
320 532
343 541
322 560
297 566
280 567
262 565
239 558
226 541
263 540
279 542
296 540
334 542
297 544
280 546
263 543
