110 377
115 422
123 467
131 510
145 550
169 586
201 613
238 633
279 639
320 633
357 613
389 584
409 546
420 504
427 462
434 419
437 376
146 354
173 345
203 347
232 354
262 362
302 364
331 356
360 348
390 346
415 357
282 380
282 407
282 434
282 463
253 490
267 492
283 494
298 492
311 488
182 384
200 378
219 377
237 387
218 391
199 391
324 388
341 377
361 377
379 384
362 390
342 391
221 548
246 541
269 534
284 538
298 533
319 538
342 543
321 560
300 565
285 567
270 567
246 563
231 549
269 546
285 547
298 545
332 544
299 545
285 547
270 546
