122 392
125 435
131 476
136 518
147 558
167 592
200 616
238 631
279 637
323 632
361 616
394 590
412 555
422 515
428 475
436 435
441 394
151 354
173 338
202 336
231 342
259 354
310 355
339 346
369 342
398 347
418 367
283 379
282 402
282 425
281 450
253 478
266 482
281 484
295 482
309 480
185 383
202 373
223 373
241 388
221 393
200 392
326 391
345 377
366 378
383 390
367 398
345 397
220 539
245 529
267 522
281 526
295 522
316 529
339 538
316 550
296 554
281 555
265 554
244 550
230 539
266 536
281 538
295 536
329 538
295 535
281 537
266 536
