130 391
133 431
141 468
148 505
159 541
177 574
205 599
239 619
279 626
321 620
357 600
386 575
405 542
417 508
425 471
432 433
435 394
161 366
179 349
205 341
234 341
260 349
302 353
327 345
355 345
382 352
402 369
282 376
283 404
283 432
284 461
251 473
266 479
283 484
300 480
316 475
191 385
206 375
224 374
242 385
224 387
206 388
322 388
340 378
358 380
374 389
357 393
339 391
224 532
241 511
264 503
283 507
301 505
323 514
338 536
321 556
299 564
280 565
260 562
239 551
234 531
263 518
282 520
300 520
328 535
299 542
281 543
261 540
