125 381
127 423
134 464
142 504
155 542
175 577
204 606
237 631
275 640
314 633
350 610
380 581
401 546
414 508
423 468
430 428
433 386
153 350
170 332
197 325
223 330
247 343
314 347
337 335
364 331
389 338
407 358
282 379
283 410
283 441
283 473
248 484
264 490
281 496
299 491
315 486
184 381
202 369
222 371
241 388
221 390
200 389
321 391
339 376
360 375
377 387
361 394
340 394
205 515
234 515
261 516
280 519
298 517
325 519
353 521
325 555
297 570
277 571
256 568
230 551
214 519
260 524
280 528
297 526
344 525
297 550
278 552
258 549
