122 379
124 423
134 467
144 509
158 551
178 592
207 626
242 653
280 660
318 651
352 625
379 591
398 552
413 511
424 468
432 426
434 383
152 346
171 326
197 321
222 328
246 341
311 342
335 331
359 325
385 331
404 349
282 377
283 407
284 438
284 469
255 488
268 494
282 498
297 495
309 490
181 382
198 367
222 369
240 389
220 394
196 393
320 391
338 372
362 371
378 387
364 398
340 398
226 548
245 532
267 525
282 529
297 526
319 534
336 550
319 584
298 599
280 602
263 599
242 583
235 550
267 543
281 543
297 543
326 553
297 573
281 575
265 572
