122 393
126 433
134 472
142 509
155 545
174 577
203 602
237 620
276 626
316 621
352 603
381 578
400 546
412 510
420 473
428 434
431 394
156 358
174 341
198 330
226 327
254 331
309 335
335 330
361 334
385 345
401 364
282 374
283 405
283 434
284 465
252 483
266 489
282 494
297 490
311 486
185 385
202 371
222 371
240 386
221 390
201 390
319 389
337 375
357 375
373 389
357 394
337 393
225 541
244 526
263 520
279 524
294 522
313 530
330 547
312 556
293 561
277 561
260 558
242 552
234 540
263 536
279 538
293 538
321 546
293 539
278 539
262 537
