127 385
132 428
141 468
151 508
164 547
183 583
210 613
243 637
283 646
323 638
358 615
385 585
404 548
417 509
427 467
434 425
435 383
152 343
170 324
197 319
222 325
244 339
316 337
338 321
364 316
390 323
407 344
281 374
282 405
283 436
284 469
253 484
267 491
283 496
299 492
314 486
182 380
199 364
223 366
243 386
221 392
197 391
320 387
339 367
362 365
380 381
365 393
341 393
220 534
242 525
266 521
283 525
299 522
323 528
345 538
324 571
300 584
282 585
263 582
240 566
230 537
266 532
283 534
299 533
336 541
299 561
282 562
265 560
