120 391
124 433
134 473
143 511
157 548
177 582
205 610
238 634
278 641
318 634
351 609
380 581
401 546
415 509
424 471
432 433
435 392
155 365
175 349
203 344
232 347
259 357
301 359
327 351
355 349
382 355
403 371
282 381
283 410
283 439
284 469
249 478
265 486
283 492
301 487
317 479
184 387
201 377
220 377
238 388
220 390
201 390
321 391
339 381
357 382
374 392
358 395
339 394
226 538
244 519
265 513
283 517
300 514
320 520
335 539
320 564
300 577
281 579
262 577
241 564
235 538
265 522
283 524
300 523
325 539
299 555
282 558
263 555
