115 383
117 425
125 466
134 507
149 546
171 581
202 608
239 630
279 636
318 629
352 607
381 579
400 544
412 507
419 467
424 428
425 388
148 351
169 336
196 331
223 336
248 348
312 348
336 338
362 335
387 342
405 359
283 379
284 409
286 439
287 470
254 487
269 492
284 497
299 493
312 489
179 383
197 370
219 370
238 388
218 393
195 393
320 391
338 374
360 374
377 388
362 397
339 397
221 538
245 531
267 527
282 532
296 528
316 534
336 542
315 559
296 567
280 569
264 567
242 557
230 540
267 542
282 544
296 543
326 543
295 544
281 545
266 543
