123 386
127 429
133 470
141 512
154 552
175 587
207 616
243 637
283 644
323 637
360 617
392 590
414 555
427 516
434 474
440 430
443 386
154 368
173 348
201 337
232 335
263 340
307 338
336 331
366 332
393 344
410 364
281 378
281 405
280 433
279 461
253 487
266 492
280 495
296 492
309 486
187 387
204 376
225 375
243 390
224 396
203 397
320 389
339 373
361 373
379 385
362 395
340 395
232 555
248 538
266 530
281 534
296 529
315 536
333 554
316 562
298 567
283 568
267 567
250 562
241 552
266 544
281 546
296 544
324 551
297 546
283 548
268 546
