124 386
128 428
135 468
143 508
154 547
173 582
201 611
237 633
281 642
327 637
367 620
400 593
422 557
434 516
440 473
445 429
449 384
155 364
174 348
200 341
228 343
254 352
305 353
332 344
361 340
389 345
410 361
280 380
280 408
279 436
278 464
248 476
263 482
279 487
297 483
313 478
187 386
205 379
223 378
241 389
222 391
204 390
323 389
341 379
361 378
379 386
362 392
342 392
228 534
241 512
261 506
280 511
299 508
324 517
342 543
324 565
300 573
280 574
260 571
240 558
236 534
261 524
280 526
299 526
334 542
299 551
280 551
261 548
