121 397
125 440
133 482
143 523
157 564
176 602
205 635
242 657
285 664
327 656
364 634
392 602
410 565
423 526
433 485
439 443
442 400
157 357
174 336
201 326
229 329
254 341
311 339
336 329
365 326
391 336
408 358
281 378
281 403
281 428
280 453
255 480
267 486
281 489
295 486
309 481
183 385
200 368
225 368
244 390
223 398
199 398
319 389
338 368
362 368
380 385
364 398
339 397
240 562
249 534
267 521
281 525
295 521
315 535
328 564
316 586
298 596
283 598
267 596
250 586
250 561
268 541
282 541
295 541
317 562
296 571
282 571
268 570
