123 383
127 426
134 467
143 509
157 548
179 583
211 612
247 633
289 638
331 631
368 609
401 581
422 546
433 506
440 465
444 424
445 381
154 359
171 339
198 329
226 333
251 345
310 344
336 332
364 329
391 338
408 358
280 381
280 409
280 436
280 465
253 486
267 492
282 495
298 491
312 485
184 385
201 373
224 374
243 391
223 398
200 397
319 390
338 373
361 371
379 384
363 396
340 396
235 547
252 534
269 527
284 531
299 526
317 532
336 544
318 556
301 562
286 564
270 563
253 558
244 546
269 542
284 543
299 541
326 544
300 542
285 545
270 543
