123 401
128 440
134 478
141 516
153 552
172 584
203 608
240 625
283 631
326 626
365 609
399 586
421 555
433 519
438 480
443 442
446 402
157 366
177 348
205 339
235 340
264 349
299 349
327 341
358 340
385 348
405 364
281 376
281 399
280 422
280 446
254 472
267 478
282 482
297 478
310 471
191 387
208 379
227 378
245 387
226 392
207 393
321 387
338 378
358 379
375 387
358 393
339 392
233 541
251 524
268 515
282 519
296 514
314 522
334 539
315 547
297 551
283 553
269 552
252 548
244 539
269 531
283 531
296 530
324 538
296 531
283 533
269 532
