124 384
128 428
135 469
143 511
156 551
178 587
207 619
244 643
286 651
329 643
367 619
399 588
421 552
433 512
438 469
443 427
446 382
153 362
170 343
196 334
224 336
250 346
311 346
337 336
366 334
393 343
412 361
281 379
281 408
281 437
281 467
249 481
265 487
282 493
300 487
316 481
186 386
204 375
224 376
244 390
223 394
203 393
321 390
340 374
360 373
379 384
362 391
341 392
213 524
238 517
264 516
285 520
304 515
332 517
359 524
335 557
307 571
286 573
265 570
238 555
221 527
265 527
285 530
304 527
352 527
305 552
286 554
265 551
