119 397
123 440
130 481
140 523
153 564
173 603
202 637
239 661
282 668
326 661
363 638
394 605
412 566
425 525
433 484
440 442
442 398
156 360
174 338
201 328
231 327
260 334
306 332
334 325
363 326
389 337
407 359
281 375
281 401
281 427
281 454
255 482
267 488
281 491
296 488
309 483
182 386
198 370
223 369
243 390
221 398
197 398
319 390
339 370
363 370
380 387
364 399
340 398
236 560
248 536
268 524
282 528
297 524
318 536
333 560
319 584
299 594
283 596
267 594
249 583
246 559
268 543
283 543
297 543
323 560
298 570
283 571
268 569
