127 366
130 407
135 446
142 485
155 519
179 551
208 577
240 600
276 607
314 603
350 583
383 558
409 526
424 490
432 451
439 412
443 371
152 363
175 345
204 336
236 336
265 344
303 346
334 341
366 340
395 349
417 367
284 378
284 412
283 445
282 478
249 483
264 491
282 498
300 492
315 486
187 381
205 373
224 374
244 386
223 388
204 387
325 389
345 378
364 378
383 386
365 393
345 392
222 523
240 514
261 512
280 518
299 514
321 517
340 527
320 543
298 551
278 553
258 550
238 538
230 524
260 527
280 530
299 529
331 528
298 530
279 531
260 528
