120 356
122 401
128 445
136 487
152 527
176 563
207 594
240 620
275 628
311 622
345 597
376 567
401 533
417 495
428 455
437 414
442 370
150 340
172 323
201 317
231 322
258 334
311 335
339 325
369 323
398 333
417 354
282 377
282 410
281 442
280 475
250 486
263 493
279 498
295 493
310 487
182 378
200 369
221 370
241 385
219 390
197 389
323 389
343 375
364 376
382 386
365 395
343 395
222 541
242 529
263 522
280 527
296 522
315 528
332 541
316 564
297 577
280 579
261 577
241 566
232 542
262 537
279 539
295 537
322 542
297 553
280 556
263 554
