122 363
125 409
132 453
140 495
156 535
181 570
213 598
247 622
283 629
319 620
351 593
382 564
407 531
423 493
431 452
439 409
443 365
150 366
175 353
205 351
235 355
263 365
304 364
333 355
363 350
394 353
418 367
285 385
285 415
285 446
285 477
251 483
266 491
283 496
301 491
316 484
185 384
204 376
223 377
242 389
222 390
202 390
326 389
345 377
365 377
384 385
367 391
346 391
226 537
241 520
264 514
282 519
300 514
321 520
335 535
320 563
300 579
280 582
261 580
239 567
235 537
264 526
282 528
300 525
325 535
299 556
280 560
262 558
