124 365
126 407
130 448
137 489
151 526
176 558
209 584
242 606
277 613
314 608
350 587
385 562
411 529
427 493
435 453
442 414
446 372
152 347
174 331
204 325
233 329
260 342
312 343
341 334
371 329
401 337
422 356
286 379
285 411
284 443
283 475
252 486
266 493
282 499
299 494
313 489
185 380
203 373
224 374
244 387
223 391
201 390
327 389
347 377
368 378
387 386
370 395
348 395
220 533
242 527
263 524
280 529
297 526
317 532
340 539
317 553
296 559
278 560
260 558
241 549
230 535
262 537
279 541
296 539
330 540
296 538
279 539
262 537
