134 366
137 408
144 449
151 489
164 526
186 561
215 590
247 614
282 623
319 615
355 592
388 564
412 530
427 492
435 451
442 409
446 366
155 363
178 349
205 347
232 352
257 360
303 360
331 350
361 344
391 348
415 364
281 379
280 409
280 439
279 470
248 473
262 482
279 488
297 482
313 475
187 381
205 375
224 376
242 385
222 386
204 386
324 387
344 377
363 377
381 384
363 389
344 389
226 523
239 504
259 500
279 505
299 501
320 506
335 525
320 552
299 568
278 570
257 567
237 551
234 523
259 513
279 516
299 514
326 525
298 544
278 548
258 544
