122 358
125 403
132 447
141 490
157 530
178 569
205 606
239 635
278 645
318 638
354 612
383 579
405 540
421 501
432 460
441 418
445 373
150 352
172 334
201 328
231 332
260 343
306 344
336 334
367 331
398 340
418 361
283 379
282 412
281 445
281 477
246 484
262 492
280 499
298 494
314 487
184 378
202 369
223 371
241 386
221 389
200 388
324 390
345 376
365 376
383 387
367 395
346 395
222 537
238 519
260 515
279 520
299 516
319 524
334 542
319 569
297 581
276 583
256 580
236 565
232 538
260 530
278 533
298 532
323 542
297 558
277 561
258 557
