126 362
129 405
132 446
137 487
152 526
177 560
208 591
241 618
278 627
316 619
353 594
385 566
412 533
428 496
436 454
442 413
446 370
151 352
172 334
201 327
231 330
258 342
313 344
342 333
372 330
402 339
422 360
284 377
283 409
282 441
281 473
245 474
262 484
281 491
300 485
317 479
187 379
206 373
225 374
245 386
224 388
204 386
325 389
347 378
367 379
385 386
367 393
347 393
205 504
230 502
258 505
279 510
301 507
330 509
357 511
330 548
300 564
276 566
254 561
227 542
213 508
258 513
279 518
300 516
347 515
300 545
277 547
256 542
