123 380
126 423
132 464
137 506
149 546
173 580
207 606
246 626
287 632
327 624
363 602
395 573
414 538
423 497
425 456
427 414
427 371
148 363
169 350
196 349
224 356
250 366
303 364
328 352
355 345
383 344
405 357
278 385
279 407
280 430
281 454
253 474
267 478
282 481
296 477
310 473
183 385
200 377
220 378
239 392
218 396
198 395
317 389
334 375
354 373
373 380
357 391
336 392
220 528
243 517
266 511
282 515
297 510
320 515
342 526
322 550
300 560
284 562
267 561
243 551
229 529
266 523
282 523
297 522
333 527
298 541
283 542
267 541
