106 378
110 424
117 468
124 511
136 555
162 590
200 617
240 636
282 642
324 636
363 615
396 586
417 549
428 505
431 461
435 417
435 371
137 360
161 347
190 345
219 351
248 360
305 359
332 347
361 341
389 341
412 354
277 383
279 407
280 431
281 455
251 483
265 486
281 488
295 485
309 482
175 386
193 379
214 379
233 391
213 395
192 395
318 390
336 377
357 376
376 382
359 392
338 393
220 545
245 535
267 528
282 533
296 528
316 534
339 543
317 554
297 559
282 561
267 560
245 555
230 544
266 541
282 543
296 541
329 542
296 541
282 543
267 541
