122 387
127 435
137 481
148 526
164 569
185 610
214 645
250 671
289 679
328 670
364 644
394 608
413 565
425 520
431 473
436 426
437 377
150 351
168 334
194 329
222 335
248 345
306 345
331 333
359 326
387 330
409 347
277 380
278 402
278 424
279 448
255 478
267 481
280 483
293 481
306 478
181 384
197 371
219 371
240 388
218 395
196 395
317 386
336 369
359 367
378 379
362 391
338 392
238 563
247 534
267 520
281 523
294 520
317 534
331 564
319 600
298 615
283 617
267 613
248 596
247 563
268 538
282 538
294 538
321 563
296 588
282 589
267 586
