130 394
132 432
137 470
142 509
151 547
172 578
204 602
243 619
285 624
328 618
367 602
399 578
418 545
425 506
427 466
430 425
429 385
157 349
175 333
200 329
225 333
251 340
305 341
331 333
358 329
383 333
403 348
279 372
279 393
280 414
280 437
254 463
267 467
281 470
295 468
308 464
184 380
201 365
223 366
243 384
222 390
200 390
316 384
335 365
358 363
376 376
360 387
337 389
222 531
241 511
266 501
283 505
298 501
324 509
345 529
325 549
301 555
284 556
266 555
242 549
231 530
266 516
283 516
298 515
336 528
299 536
283 536
266 535
