125 382
127 424
133 464
138 504
148 543
169 577
203 602
241 621
284 625
326 620
365 602
397 575
416 539
423 498
427 458
430 416
431 374
151 366
175 356
203 355
231 361
260 366
295 367
322 360
349 354
377 353
402 362
277 383
278 406
279 431
280 456
254 479
267 483
281 485
294 483
307 479
184 385
201 379
220 379
238 390
218 393
200 392
319 388
335 378
354 376
372 382
356 390
336 391
222 542
242 530
263 522
281 526
297 521
319 528
340 541
320 554
299 558
282 559
264 558
242 554
232 542
263 536
281 538
298 536
330 541
298 540
282 541
264 539
