116 380
120 426
128 471
136 513
150 553
174 587
208 612
246 628
287 631
328 624
365 606
396 579
416 543
425 501
427 458
430 414
430 370
150 365
177 359
205 363
233 370
261 376
295 373
320 365
348 356
376 351
402 358
279 387
280 409
281 431
283 455
256 481
269 483
283 485
296 484
308 481
182 388
200 383
220 383
240 393
219 398
199 398
315 390
333 379
353 378
371 383
355 393
335 394
232 544
252 530
270 521
283 526
295 521
312 529
332 541
313 548
296 550
284 551
270 550
253 549
241 541
270 534
283 535
295 534
323 540
295 532
283 534
270 533
