123 383
127 426
133 468
139 508
151 546
173 577
208 598
246 611
289 614
332 611
369 597
402 573
422 540
430 500
432 459
435 416
436 373
145 354
167 341
196 343
224 354
251 367
297 370
323 359
352 349
381 346
407 357
275 381
276 403
277 425
279 449
250 468
264 473
281 477
297 472
312 466
180 382
196 374
216 375
236 387
215 391
195 390
319 387
337 375
357 373
376 380
360 388
339 389
226 532
246 514
266 506
284 510
299 505
321 513
342 531
322 537
302 539
285 540
267 539
247 538
236 530
266 521
284 522
300 521
332 529
300 520
284 521
267 520
