118 384
120 427
125 469
131 511
141 551
161 587
190 619
226 646
271 655
315 648
353 625
384 595
406 558
418 519
426 477
434 435
438 391
153 362
174 345
203 337
234 340
262 353
304 357
332 342
364 338
396 347
416 369
281 380
280 408
279 436
278 466
249 487
262 492
277 497
292 493
306 489
184 385
202 377
221 377
239 388
219 391
200 390
320 390
340 380
359 380
377 388
360 394
340 393
207 545
229 529
256 523
276 528
295 523
321 531
342 546
321 563
296 572
275 574
253 571
228 562
217 546
255 544
275 546
295 545
331 546
295 546
276 548
255 546
