116 403
120 444
128 485
137 525
150 563
172 596
203 624
240 645
282 651
324 643
359 620
386 590
404 555
414 517
422 477
429 436
433 393
147 362
165 342
194 333
223 336
250 348
308 347
333 331
362 325
392 331
412 352
279 379
280 404
281 429
282 455
255 482
268 485
282 487
295 485
308 481
182 389
199 379
219 378
238 390
218 395
198 396
318 388
336 374
357 373
374 383
358 391
337 392
220 543
241 526
264 516
281 520
297 516
319 525
340 540
320 556
298 565
281 567
263 565
241 558
231 543
264 538
281 539
297 537
330 540
297 538
281 540
264 539
