156 389
157 426
162 464
167 503
176 541
192 577
217 610
247 637
287 646
331 640
370 620
403 592
428 557
443 518
451 476
457 432
461 386
170 368
184 348
208 340
235 340
260 351
296 353
325 338
359 334
392 341
418 361
275 378
273 403
270 430
267 457
246 478
258 483
272 486
290 482
307 477
194 385
210 373
230 373
248 389
228 392
208 392
321 386
339 370
361 369
379 380
362 389
341 389
222 532
236 513
259 505
278 508
298 503
329 510
354 527
333 560
303 576
281 578
260 576
237 561
232 533
259 520
279 520
299 518
344 529
301 552
281 554
260 551
