132 381
135 425
142 467
150 508
161 547
181 585
208 617
243 639
286 646
328 638
363 615
390 584
410 545
421 504
429 462
436 420
438 375
157 366
175 350
202 345
229 351
254 362
307 359
332 346
360 339
389 341
411 357
280 375
280 402
279 428
279 455
250 469
263 475
280 479
297 474
312 467
190 384
206 379
224 378
243 384
224 387
206 387
319 383
337 376
355 375
373 380
356 383
338 384
226 532
239 505
262 496
284 499
306 493
329 499
343 522
331 552
309 567
286 571
263 570
240 559
234 530
263 510
284 511
306 507
334 522
308 544
286 548
264 546
