133 393
137 435
145 476
155 517
168 556
186 592
213 624
247 648
289 655
331 648
367 626
396 596
416 559
428 518
436 477
444 433
447 388
157 352
172 329
199 319
226 323
250 336
310 333
335 315
365 307
395 315
415 339
277 375
277 400
276 426
275 452
254 480
266 484
279 485
293 483
306 479
186 387
202 371
224 371
244 388
224 396
201 396
319 384
339 365
362 363
379 377
364 389
340 390
231 552
243 526
264 513
280 516
295 512
319 525
339 549
322 577
300 588
282 590
265 588
244 578
242 551
265 532
281 532
296 532
326 549
298 561
282 562
266 561
