131 353
131 397
134 441
141 484
153 527
172 568
196 605
226 634
263 647
303 641
337 618
369 587
395 550
413 509
426 467
437 423
443 378
158 355
181 343
211 344
239 355
265 370
304 373
331 358
361 350
393 353
417 369
281 388
279 417
277 447
275 478
247 493
259 499
273 503
289 501
303 497
188 376
207 370
227 372
243 387
223 389
203 387
322 392
341 379
362 379
380 388
363 397
341 396
221 548
238 539
257 533
270 539
283 536
301 543
318 555
299 571
281 580
267 581
252 577
235 566
230 549
256 549
270 552
282 551
308 555
281 552
269 554
255 550
