109 386
112 430
118 474
125 515
140 555
166 590
199 620
237 644
278 653
317 643
351 616
380 583
402 546
415 507
420 464
423 422
427 379
146 356
167 337
196 330
226 335
252 350
310 349
334 334
361 327
389 332
407 350
283 376
284 403
285 430
287 458
250 474
268 479
285 484
301 479
316 474
182 384
200 378
218 378
238 386
219 387
200 387
319 385
337 377
355 376
372 382
357 386
339 386
198 519
227 505
259 501
284 505
308 501
336 505
358 519
335 554
308 571
282 575
256 572
224 555
208 521
259 514
283 516
307 514
347 521
307 548
282 552
258 549
