144 396
147 439
154 479
162 520
174 558
195 594
224 624
258 646
296 654
335 646
372 624
402 595
425 559
437 517
442 474
446 429
447 384
158 363
176 345
204 341
232 347
258 356
302 350
331 337
361 329
392 333
416 351
283 383
283 408
283 433
283 460
260 486
272 491
286 494
300 490
314 486
189 389
206 375
228 375
246 395
227 399
205 398
329 390
346 369
368 367
387 380
372 390
349 392
240 552
253 531
273 521
287 525
303 521
326 532
344 552
327 578
306 590
289 592
272 589
253 576
250 551
273 538
288 539
304 538
334 552
304 566
288 567
273 565
