144 382
146 424
152 465
157 505
166 545
187 581
215 612
246 637
283 648
322 643
360 623
395 597
422 562
438 522
446 478
452 433
455 387
157 358
177 341
206 340
234 349
260 360
307 356
337 342
370 335
403 340
427 360
284 385
283 413
281 441
279 471
253 490
267 496
280 500
296 497
312 494
188 381
207 369
230 371
248 392
227 394
204 393
331 393
350 372
374 370
393 384
377 395
353 396
232 549
247 534
266 526
281 532
298 528
320 538
340 556
319 575
298 585
280 586
263 582
246 569
242 549
266 542
281 545
298 544
328 555
298 560
281 561
265 557
