134 384
137 427
145 469
153 509
166 549
189 584
218 613
251 636
287 643
324 637
358 616
389 587
412 552
426 509
431 466
436 419
436 372
152 345
168 324
194 319
220 323
244 336
304 333
328 315
355 305
385 308
407 328
275 379
276 407
276 434
276 463
251 485
264 490
278 494
293 490
308 486
184 386
199 373
220 374
239 392
219 397
197 396
320 388
337 368
359 363
377 374
363 388
340 391
230 544
246 528
264 520
280 525
294 520
316 528
337 545
318 569
297 579
281 581
264 578
246 566
240 543
265 534
280 535
294 534
327 545
295 557
281 559
265 556
