136 390
139 433
146 474
153 515
165 553
187 586
218 612
253 632
293 638
333 632
370 613
402 587
425 553
437 512
441 470
446 425
447 380
150 360
170 342
198 338
225 344
251 354
307 346
335 331
365 323
397 329
420 348
281 381
281 408
281 436
281 465
256 487
269 492
283 496
299 492
313 488
185 390
203 380
223 380
243 395
222 397
202 397
328 391
347 375
368 372
387 381
371 390
349 392
229 541
250 530
269 524
286 529
302 524
324 531
350 541
325 558
303 565
286 566
269 564
250 555
239 542
270 540
286 542
302 541
339 542
302 542
286 543
269 541
