142 383
146 422
153 461
159 500
173 537
196 569
225 596
259 619
295 626
334 621
370 599
400 573
426 539
441 499
445 454
449 409
448 363
155 364
173 348
199 347
225 354
252 363
297 353
324 339
353 328
384 329
409 345
277 383
278 414
278 445
279 477
252 487
267 492
283 497
300 491
317 486
187 389
205 383
223 383
241 393
223 395
204 394
324 388
341 374
360 371
379 376
363 384
344 386
230 525
249 517
269 515
286 519
305 515
328 516
353 523
329 540
307 550
287 552
269 550
250 540
240 525
269 529
287 532
305 529
343 524
305 529
287 531
269 528
