139 387
142 428
149 467
155 507
167 544
190 575
221 602
256 624
295 631
335 624
372 602
403 574
426 540
437 499
440 456
444 413
444 368
150 363
167 344
195 340
222 345
249 355
304 347
332 331
363 322
396 328
418 348
279 381
280 410
280 439
280 469
254 485
268 490
283 495
299 490
315 485
184 389
202 380
222 380
242 394
222 396
202 395
324 390
343 374
364 371
384 378
367 387
346 389
224 526
247 522
269 519
285 524
302 520
327 523
356 524
329 547
304 557
286 558
268 556
247 545
234 528
269 533
286 535
303 533
345 527
303 535
286 537
269 534
