135 389
139 429
147 469
154 509
167 548
190 581
219 608
253 630
291 638
330 633
368 613
399 586
424 551
437 510
442 465
447 419
447 374
154 351
170 331
196 326
222 333
247 344
299 336
327 321
356 313
387 319
409 340
277 379
278 408
278 436
279 465
253 487
267 491
281 495
297 491
312 488
187 388
202 380
221 380
240 392
221 395
202 395
325 388
342 374
362 371
380 378
364 387
345 389
230 539
248 529
266 524
282 529
298 525
321 531
347 542
323 556
302 563
285 564
268 561
249 553
239 539
267 540
283 543
299 541
336 542
300 541
284 542
268 539
