129 382
135 423
143 462
151 501
164 538
185 572
213 600
247 623
285 630
323 623
355 601
383 572
403 538
415 501
423 461
429 420
433 377
157 373
176 359
200 350
227 348
252 351
306 350
331 346
359 347
383 356
403 371
279 379
279 404
279 430
279 457
250 470
264 475
281 479
298 474
313 469
191 386
207 378
225 377
241 385
224 387
208 387
319 385
336 376
353 377
370 384
353 387
336 386
233 532
246 511
265 503
284 507
300 502
321 509
336 530
322 549
303 560
285 563
266 561
247 550
243 530
266 521
284 522
301 520
326 529
302 536
285 539
267 536
