120 380
127 423
136 464
143 504
155 544
177 580
207 609
243 632
284 640
327 634
363 612
393 580
415 544
427 504
433 462
439 418
442 374
148 374
167 357
194 348
224 344
253 350
301 349
329 341
360 342
388 350
410 366
278 380
278 409
279 438
279 467
252 490
266 493
281 495
296 493
310 490
183 387
200 376
220 375
238 388
220 391
200 392
320 388
337 373
357 373
376 384
358 390
338 390
225 546
246 535
267 527
284 532
299 527
320 534
342 544
321 558
300 563
283 564
266 563
245 557
234 545
267 541
283 543
300 541
333 544
299 541
283 543
267 541
