118 380
124 422
132 463
139 503
152 541
176 575
206 604
241 630
283 637
325 629
359 604
388 574
409 539
420 499
424 457
429 415
432 373
146 357
165 339
191 331
218 334
243 344
310 341
333 329
360 325
386 333
404 350
278 377
278 403
279 428
280 455
248 474
264 479
280 482
296 479
311 475
182 385
200 374
220 375
237 389
219 393
199 392
316 388
333 372
353 371
370 381
356 390
336 391
211 519
237 511
262 509
281 512
300 509
326 514
352 523
327 553
301 565
280 566
261 563
235 550
221 522
262 521
281 523
300 522
343 526
300 544
280 546
262 543
