116 395
123 436
132 475
140 513
151 550
172 584
203 611
240 632
282 637
324 629
360 608
391 580
409 545
418 506
422 466
428 427
432 386
146 365
164 347
189 336
218 336
245 345
305 343
331 333
358 332
384 341
403 358
276 376
277 400
277 423
278 448
251 479
265 482
279 484
293 482
306 479
181 388
198 376
218 376
236 389
218 394
198 395
315 388
333 374
353 373
369 384
355 392
334 392
225 542
247 529
267 522
282 525
297 521
316 529
338 540
317 555
298 560
282 562
266 561
246 555
234 541
267 537
282 538
297 537
328 540
296 538
281 540
267 539
