116 364
123 410
133 454
144 496
161 537
185 575
216 606
250 629
290 635
328 627
360 602
389 569
411 531
425 490
433 447
439 403
442 355
146 369
170 358
199 356
228 361
257 368
300 365
329 357
358 351
387 351
413 362
280 386
281 414
281 441
282 469
251 489
266 494
283 496
300 492
315 487
182 385
201 378
221 377
239 388
220 392
200 392
322 387
339 374
359 374
378 381
361 388
340 389
239 550
257 545
275 539
287 543
298 538
316 542
335 544
317 566
300 575
288 577
276 577
257 569
248 551
275 551
287 552
298 549
325 546
299 552
288 555
276 554
