117 387
122 431
132 474
141 516
156 557
177 596
206 633
241 661
284 670
325 660
358 631
384 593
401 553
413 511
420 468
427 424
429 381
149 351
167 330
192 321
219 324
243 336
312 336
335 323
361 320
385 328
402 347
279 376
280 401
280 425
281 450
252 480
266 484
280 486
294 484
307 481
181 383
198 366
222 367
239 388
221 395
196 395
315 388
333 367
357 366
372 382
359 394
335 395
230 556
246 532
268 521
282 524
298 521
320 533
335 556
321 592
299 607
282 609
265 607
244 591
240 557
268 541
282 541
298 541
324 557
298 577
282 579
267 577
