127 378
133 420
142 460
149 500
161 538
181 573
209 603
244 626
284 633
323 626
355 600
380 569
397 532
406 494
412 455
419 415
422 373
156 356
172 336
197 325
223 323
249 331
310 331
333 322
359 321
382 331
397 352
279 376
280 403
280 429
281 456
256 480
268 483
281 486
294 483
306 480
189 384
205 370
226 370
242 387
224 392
203 392
314 387
330 370
351 368
367 381
352 391
331 391
232 539
248 525
267 517
282 521
296 517
315 525
333 539
316 562
298 571
283 573
266 571
247 561
242 539
267 534
282 535
296 535
323 539
296 545
283 547
267 545
