114 369
122 417
133 461
143 504
159 544
183 579
215 607
249 630
286 636
324 629
356 605
385 575
406 539
417 499
424 456
434 411
438 363
138 367
164 355
193 351
225 350
256 354
304 353
332 347
362 345
391 348
417 361
279 381
279 415
279 449
279 484
250 497
264 503
281 507
297 502
312 495
174 386
194 376
215 376
235 391
214 394
192 394
323 389
343 374
364 372
383 381
366 391
344 391
225 554
242 540
264 533
283 538
301 532
323 538
342 550
325 567
304 576
284 579
264 577
243 568
235 552
263 550
283 552
302 549
333 550
303 551
284 554
264 551
