120 356
125 401
135 442
143 482
155 520
177 553
205 580
237 602
275 609
312 603
345 583
375 558
398 525
411 486
418 444
427 400
432 353
140 361
168 354
199 357
229 365
259 374
301 369
329 360
357 351
386 346
414 353
280 384
281 412
281 440
282 469
250 480
265 486
282 491
299 485
313 479
176 382
196 376
217 376
237 388
215 391
194 391
321 386
340 373
361 371
381 377
364 388
343 389
233 528
249 520
266 515
281 520
294 516
311 520
330 528
311 541
294 549
280 551
265 549
249 541
243 528
266 526
281 529
294 527
320 528
294 526
281 529
266 526
