121 375
128 419
138 460
147 501
161 540
183 575
212 604
244 627
282 634
320 627
352 603
380 574
401 537
411 496
418 454
426 410
428 365
144 353
166 338
194 334
224 335
254 341
304 336
330 327
358 324
385 327
406 342
277 376
279 404
279 432
280 461
250 481
264 488
281 493
297 487
312 480
174 383
191 369
215 369
236 389
214 396
189 395
318 385
337 365
360 362
379 375
364 390
340 391
228 545
245 527
266 518
282 522
296 518
317 526
336 543
319 566
298 576
282 578
265 576
244 567
238 543
266 535
282 535
296 535
326 543
296 550
282 552
266 550
