119 373
124 421
135 466
143 510
158 550
180 585
209 613
243 634
281 641
319 633
349 611
377 582
397 546
409 506
418 463
426 418
430 371
140 360
164 347
192 346
220 351
246 361
310 362
336 352
361 346
387 346
410 355
280 381
281 409
282 436
284 465
249 477
264 485
282 490
298 485
313 478
176 385
195 375
216 376
234 389
215 391
194 391
321 389
340 376
361 375
379 384
363 391
343 391
226 545
241 519
263 510
281 515
299 511
321 521
333 545
320 570
299 582
279 583
261 580
240 568
236 543
263 527
280 528
299 528
324 544
298 555
280 557
262 554
