116 374
121 419
130 462
137 504
149 545
172 581
203 610
239 633
279 641
320 634
356 611
385 582
406 545
418 505
426 462
433 418
436 373
139 346
161 329
190 326
220 333
248 346
311 345
337 331
366 323
395 325
416 342
280 378
281 406
281 434
281 463
251 488
265 492
281 497
297 492
311 488
173 384
191 373
214 373
235 390
212 395
189 395
324 389
343 373
366 371
385 383
368 394
345 395
220 548
242 537
264 529
281 533
296 529
317 537
340 550
318 568
297 575
280 577
263 575
241 567
230 549
264 547
281 549
296 548
329 550
296 547
281 548
264 546
