117 389
122 431
129 471
135 512
147 551
171 583
203 610
240 630
280 638
321 629
357 606
386 578
408 544
418 506
424 465
427 424
428 383
142 354
163 337
192 331
221 334
249 345
309 345
333 334
360 329
387 334
407 351
280 376
280 403
280 430
281 458
247 473
263 479
282 485
299 479
314 472
177 385
195 375
215 376
235 388
214 391
194 391
320 388
339 375
360 374
378 383
361 390
340 391
207 523
233 508
261 503
283 506
302 502
330 507
354 520
331 552
305 567
283 570
261 568
232 553
216 524
261 518
283 519
302 518
344 522
303 544
283 546
261 544
