122 367
127 415
138 459
147 502
162 543
184 581
214 613
247 637
283 645
318 638
350 613
379 581
400 544
413 502
422 459
430 414
434 366
143 341
165 324
195 321
224 329
252 343
314 342
339 327
367 318
395 321
417 339
282 381
283 410
283 439
283 469
254 489
268 495
284 499
299 494
313 488
177 381
194 366
219 368
239 390
216 397
191 395
323 389
342 367
366 365
385 379
370 394
345 395
229 552
247 536
269 528
285 533
300 528
322 536
340 552
322 582
301 594
284 596
266 594
245 581
239 552
269 545
285 546
300 545
329 553
300 567
284 569
268 566
