120 389
127 432
138 474
147 515
160 556
182 594
213 625
250 648
293 653
335 644
370 620
397 589
413 551
424 510
432 470
440 429
443 387
139 358
158 335
189 328
220 333
250 346
309 344
339 331
371 326
402 333
421 355
281 377
281 403
281 430
281 457
253 484
267 488
282 491
297 489
310 485
174 385
192 367
219 367
238 392
217 399
190 399
325 391
345 367
372 365
390 384
375 398
348 398
230 553
247 532
268 521
281 524
295 521
319 534
340 554
321 578
299 586
283 587
269 586
248 576
242 552
268 539
282 539
296 539
327 554
297 561
282 562
268 561
