123 379
129 424
139 467
148 511
158 553
177 593
207 625
243 650
286 659
332 652
371 628
404 598
426 560
437 518
445 474
452 431
458 385
140 351
162 330
194 327
226 333
257 345
309 344
341 335
374 330
406 336
429 357
283 381
282 409
281 436
280 465
252 490
265 495
281 499
296 496
311 493
175 385
193 370
218 372
239 392
216 399
191 398
330 394
350 374
376 374
394 390
378 402
352 402
225 558
243 541
265 530
279 534
292 531
316 543
338 561
317 580
295 587
280 587
264 585
243 576
235 558
265 549
279 550
293 550
327 560
293 562
279 562
265 560
