111 397
118 443
128 487
138 531
151 573
171 612
203 643
243 666
288 673
332 665
369 640
396 607
412 568
422 527
431 484
438 442
442 397
136 346
155 319
186 312
218 320
248 335
315 333
345 317
376 310
407 318
425 346
284 375
284 401
284 428
284 455
254 486
268 490
283 493
297 491
309 488
171 385
189 366
216 367
237 391
215 399
187 399
327 391
349 367
376 367
394 386
379 400
351 400
226 564
243 538
266 525
279 528
294 526
318 541
337 568
320 596
297 605
281 606
265 604
242 592
237 563
267 544
280 545
294 546
325 567
295 578
280 578
266 577
