114 386
117 432
125 477
133 523
150 566
176 603
209 633
247 655
288 661
327 654
358 633
383 601
400 564
413 524
426 483
436 441
440 397
133 358
159 343
192 342
225 350
255 363
310 359
341 348
372 342
403 341
429 353
284 384
284 413
283 443
283 474
250 496
265 501
281 505
297 502
311 498
168 386
187 372
212 373
233 392
211 397
186 397
329 392
350 372
375 371
395 386
378 397
353 397
220 560
242 545
265 536
278 540
294 536
317 547
339 561
318 577
296 582
280 583
265 582
242 576
230 560
265 555
279 556
294 555
329 562
295 556
280 557
266 556
