108 381
113 427
123 471
131 515
146 558
169 596
202 627
241 649
285 655
328 649
364 627
392 598
409 562
418 522
425 480
431 439
434 397
132 354
155 333
189 329
223 336
254 350
309 350
339 337
372 332
403 339
423 360
283 380
283 408
283 436
283 465
249 491
265 495
281 498
296 496
310 493
171 384
190 369
215 371
235 391
214 396
188 396
327 394
347 374
372 374
391 390
374 401
349 400
219 556
242 542
265 532
278 535
291 532
315 543
337 556
317 573
295 579
280 580
266 579
243 571
230 555
265 553
278 553
292 552
326 556
293 553
280 554
266 553
