103 394
108 438
115 480
122 523
134 564
157 602
190 632
229 656
275 666
321 661
361 640
391 610
412 573
424 532
431 490
436 449
440 407
134 357
154 331
187 320
222 324
254 338
316 338
347 326
379 324
410 337
426 364
285 372
285 400
284 427
284 456
244 478
263 484
281 490
300 486
318 483
172 383
192 369
215 370
236 388
213 391
190 390
328 392
350 375
374 376
392 390
375 397
351 397
192 532
223 519
256 512
275 517
295 515
327 525
355 541
327 571
295 581
274 582
252 578
220 562
202 534
255 526
275 528
295 528
345 541
295 561
274 562
254 558
