103 375
108 423
115 469
124 514
141 557
166 596
200 627
240 648
283 653
323 644
356 620
382 589
400 551
410 510
418 469
427 426
431 382
138 357
164 342
195 341
226 347
255 358
310 356
339 348
368 343
396 345
416 361
285 377
285 406
286 434
286 463
250 483
267 490
285 494
301 490
314 484
173 386
193 378
213 377
234 388
214 391
193 392
326 388
347 378
367 379
384 387
368 392
348 391
224 550
244 531
267 521
281 525
297 521
319 531
337 547
320 563
300 569
284 570
269 569
245 564
234 549
267 542
282 543
298 542
327 547
298 543
283 544
268 543
