128 368
131 411
139 452
148 492
160 531
179 567
206 595
240 617
280 622
321 616
357 594
386 567
406 532
419 494
429 455
437 414
440 373
152 349
174 333
202 331
230 340
256 353
306 356
333 344
361 336
391 339
413 357
280 383
280 411
279 439
279 467
252 484
265 489
279 492
293 489
307 485
184 382
201 371
223 373
241 391
220 396
198 395
323 394
341 377
363 375
380 387
365 399
343 399
226 539
247 529
266 523
280 526
294 523
312 529
333 538
313 552
294 557
280 558
265 556
247 551
236 539
265 536
280 537
294 536
324 538
294 537
280 538
265 536
