118 372
123 417
133 460
143 501
158 541
180 578
210 607
243 632
281 638
320 630
354 605
385 576
407 539
420 499
429 457
437 414
440 370
146 359
172 348
202 350
232 358
261 369
297 370
325 359
355 351
386 349
412 360
279 389
280 416
279 443
279 471
252 488
265 493
280 496
295 493
308 489
181 385
199 375
220 376
239 392
218 395
197 395
322 392
339 377
360 376
378 385
362 395
341 395
225 545
245 531
265 524
282 528
296 524
317 530
336 543
318 565
298 576
282 578
264 576
244 567
235 545
265 536
282 537
296 536
326 544
297 555
281 557
265 555
