129 370
134 414
143 456
152 496
166 535
186 571
214 600
246 622
286 627
325 620
359 597
387 569
406 533
419 495
428 455
437 414
440 371
150 354
171 335
201 331
231 334
260 342
296 346
327 340
358 339
388 343
412 360
279 380
279 408
279 437
279 466
251 482
265 487
280 491
296 487
310 482
184 379
201 366
224 368
242 389
221 393
198 392
321 391
339 371
362 369
380 383
364 395
341 396
227 535
246 524
266 518
282 522
298 517
318 522
337 533
320 554
300 564
283 567
266 565
246 556
237 536
266 529
283 530
298 528
327 534
299 544
283 546
266 544
