119 367
122 411
131 456
142 501
158 543
178 584
205 619
239 647
278 655
319 645
355 618
384 583
403 542
418 501
430 458
439 414
442 370
147 338
167 318
196 316
224 327
252 342
309 344
336 331
365 321
395 324
415 343
281 380
280 408
279 437
279 466
251 486
265 491
279 495
294 492
306 488
179 378
196 362
221 364
239 389
218 396
193 394
322 392
341 367
367 364
384 381
370 398
344 399
225 551
244 534
267 525
281 530
295 526
316 535
332 553
317 583
295 595
279 597
263 595
242 581
236 552
266 545
280 546
295 545
322 554
294 568
279 570
265 568
