128 378
132 421
142 462
151 501
164 540
184 574
211 602
244 623
283 629
323 622
359 601
390 574
411 539
424 501
433 461
441 419
446 376
148 354
166 333
194 324
224 325
252 334
301 337
331 329
363 330
393 339
414 360
277 376
276 407
276 437
275 468
249 485
262 490
278 494
294 490
309 485
182 383
199 372
220 373
240 389
219 394
197 393
321 391
341 375
362 374
380 386
364 396
341 396
225 539
244 528
263 522
281 525
297 521
319 525
342 537
321 548
299 554
282 556
264 555
244 551
235 539
263 536
281 537
298 535
332 536
298 535
282 538
264 537
