126 369
130 412
140 453
149 492
162 530
182 563
211 588
246 606
286 610
326 604
359 584
386 558
404 524
415 487
423 449
432 410
436 369
151 364
174 349
205 348
235 353
264 360
294 360
324 354
354 352
383 353
407 366
280 383
280 411
281 440
281 469
249 478
264 484
281 488
298 483
313 478
186 382
204 374
223 375
241 388
222 390
203 390
321 389
339 376
358 377
375 385
359 392
340 392
232 521
249 510
267 505
282 509
297 504
316 508
333 520
316 530
299 536
283 539
267 538
249 532
241 521
267 518
282 520
297 517
324 520
298 518
283 520
267 519
