125 368
128 411
134 454
141 495
156 533
180 568
210 598
244 625
283 634
323 624
358 597
389 566
413 531
427 493
434 452
440 409
443 366
148 355
172 340
201 339
229 346
256 358
308 360
335 348
364 340
394 341
417 358
282 386
281 416
281 445
280 476
248 482
264 487
282 493
299 488
315 482
184 381
203 372
223 375
241 392
220 393
200 391
324 394
342 376
363 374
382 383
365 393
345 395
202 508
231 508
260 509
282 513
302 509
332 507
363 507
334 545
305 562
282 565
259 562
230 544
211 512
260 518
282 522
302 518
354 511
303 544
282 548
259 544
