120 406
126 446
133 484
142 522
156 558
180 590
213 615
250 634
290 639
330 631
366 610
397 584
420 550
431 513
437 473
442 434
444 394
149 367
168 349
196 340
226 343
255 349
301 345
329 335
359 330
389 336
413 352
278 378
278 407
277 435
277 464
251 489
265 494
281 498
297 492
313 487
178 393
195 380
218 379
240 394
218 398
195 400
323 389
342 372
366 371
386 384
367 391
344 391
231 551
248 531
269 520
285 523
300 518
323 526
344 543
326 563
305 575
288 578
271 577
250 568
243 550
270 541
286 541
301 539
333 544
303 548
287 550
271 549
