120 398
125 440
133 481
144 522
160 560
183 594
215 622
251 644
290 651
330 641
365 618
396 589
417 553
430 513
438 472
444 431
446 388
144 345
163 323
192 317
221 326
248 340
310 337
336 322
365 311
396 316
419 336
279 377
279 405
278 434
278 463
254 491
267 495
282 497
296 493
310 488
177 388
195 372
220 372
241 393
219 400
193 400
324 388
344 367
370 365
389 381
373 393
347 394
233 556
249 535
270 522
286 525
300 520
323 531
342 552
326 578
305 590
288 593
271 592
250 581
245 555
271 543
286 543
301 542
330 552
302 561
287 564
271 563
