114 378
119 427
129 474
139 521
153 566
178 608
208 643
244 669
285 677
325 665
359 636
386 598
408 555
422 511
433 465
443 419
447 371
140 369
163 354
194 352
224 361
254 372
303 368
332 355
363 342
396 341
423 356
280 387
280 423
280 459
280 496
247 507
264 514
282 520
300 513
317 505
174 389
194 380
215 380
236 394
214 396
193 396
325 390
345 374
368 372
388 380
370 389
348 391
218 555
241 546
265 541
283 546
302 540
327 542
347 549
328 577
305 592
284 596
264 593
240 580
229 556
265 553
284 556
303 552
337 551
303 567
284 571
265 568
