116 405
123 447
132 486
144 525
160 562
185 595
218 622
255 642
295 646
334 638
370 616
402 588
424 552
436 512
442 471
446 430
448 387
142 364
160 343
190 333
220 335
250 342
299 337
328 326
360 322
392 329
417 347
275 379
276 410
276 441
276 473
251 499
266 504
282 507
298 501
313 495
173 396
192 382
216 380
238 397
216 403
191 405
322 390
342 372
367 370
388 382
370 393
345 394
233 563
251 546
271 534
287 537
301 531
324 539
346 552
328 572
307 583
291 586
275 585
254 578
244 562
272 553
288 553
303 550
335 553
304 556
290 559
274 558
