125 386
129 428
137 467
147 506
160 543
185 576
216 603
252 624
292 630
332 622
367 600
397 571
420 536
432 498
440 458
446 417
448 374
147 368
168 351
198 349
226 358
254 370
306 368
332 352
361 339
393 339
419 353
279 384
280 417
280 450
280 483
248 489
264 496
283 502
301 494
319 486
179 390
199 380
219 380
240 393
218 394
198 394
326 388
346 374
367 372
388 380
369 386
348 387
225 532
244 519
266 515
286 519
304 513
327 514
350 525
330 548
308 562
288 566
268 564
245 552
236 533
266 533
286 534
305 531
339 527
306 536
287 540
268 537
