119 398
123 439
129 478
137 518
150 556
173 589
205 616
241 636
281 641
321 634
358 614
390 589
412 557
425 520
433 481
439 442
443 402
145 357
166 338
196 330
226 337
254 349
312 349
339 336
369 328
399 335
421 355
282 382
281 411
280 439
279 468
253 492
266 497
281 500
295 496
309 491
178 390
197 377
221 378
242 394
219 399
195 399
326 393
346 377
370 376
389 389
371 398
347 398
225 550
247 535
268 525
283 529
297 524
317 533
339 547
319 563
298 573
283 575
267 573
246 566
236 550
267 544
283 545
297 543
328 547
297 547
283 549
268 548
