114 392
120 431
127 468
134 508
149 546
175 579
209 607
247 629
290 636
332 625
367 598
398 568
421 533
431 494
435 454
438 416
439 378
140 355
160 335
188 326
217 329
246 338
307 336
334 322
364 314
394 321
417 339
277 372
278 402
279 431
280 461
249 480
266 484
284 489
301 482
318 476
176 390
195 386
215 384
237 389
215 393
195 394
322 383
344 378
364 377
385 380
365 385
344 386
206 517
235 510
264 506
286 508
305 503
334 503
363 508
338 540
310 558
289 562
266 560
236 546
218 520
264 521
286 522
306 518
352 513
308 535
287 539
265 537
