114 372
121 416
131 457
141 498
156 536
177 572
206 602
245 623
287 628
328 617
363 593
391 563
409 526
419 486
426 445
433 403
437 358
142 357
166 346
194 345
221 350
246 360
309 352
332 337
359 329
387 329
412 341
276 377
277 405
278 433
279 462
249 471
264 477
281 482
298 476
313 468
178 385
197 379
216 378
235 387
215 387
197 388
320 382
338 371
357 368
376 373
359 378
340 380
216 520
236 504
261 498
283 501
303 496
328 499
349 514
331 549
307 564
285 568
262 566
236 553
225 522
262 512
283 512
304 509
340 517
305 542
285 545
262 543
