112 383
119 428
131 471
143 513
159 552
181 590
213 622
249 647
288 654
327 643
362 615
392 581
411 543
424 502
432 460
440 417
444 372
131 354
150 331
180 322
211 323
238 336
307 333
334 317
364 315
393 323
414 342
272 376
273 405
274 433
276 462
246 481
261 486
277 490
293 485
307 478
170 386
189 369
214 370
235 391
213 397
188 396
314 388
334 366
358 363
377 377
362 389
337 392
222 543
244 527
266 517
281 519
297 515
321 520
345 534
324 564
302 578
284 581
267 581
245 570
233 543
266 531
282 530
298 528
334 536
300 557
283 560
267 559
