115 390
123 434
134 476
147 517
161 556
184 592
216 622
251 646
290 652
327 642
361 615
392 584
413 547
426 507
435 465
441 423
444 380
139 353
156 331
185 320
216 316
245 324
305 322
332 311
363 311
391 320
412 339
274 370
275 397
276 424
278 452
248 475
263 480
280 484
296 478
311 472
175 385
194 371
217 370
239 387
217 393
193 393
315 384
336 366
359 364
378 377
361 387
338 388
221 537
241 517
266 506
283 508
299 504
326 510
349 528
329 559
305 572
286 576
268 575
243 564
231 536
267 522
283 521
300 518
338 529
302 550
285 553
268 552
