115 379
121 424
130 466
140 508
154 548
176 584
209 612
246 633
286 639
326 630
363 607
395 578
415 542
425 502
431 461
438 420
440 377
140 349
160 329
189 322
220 325
248 338
316 338
342 322
373 319
402 326
421 347
281 377
281 404
282 431
282 459
252 482
266 486
282 490
297 487
311 482
178 385
196 373
218 374
240 390
218 395
195 395
321 391
343 374
365 373
383 384
367 395
344 395
222 538
247 529
267 524
282 527
296 523
319 529
346 535
321 551
299 557
283 559
268 558
247 552
232 538
267 538
282 540
297 538
337 536
297 538
283 540
268 538
