117 390
124 434
136 475
147 515
162 553
185 587
219 612
259 627
302 628
343 618
378 597
406 571
423 537
432 499
435 460
437 419
436 377
137 365
158 345
186 336
218 333
247 340
308 335
334 323
365 321
393 327
416 344
278 375
279 405
281 435
282 465
252 486
268 490
285 493
302 488
317 482
174 391
193 379
215 378
238 392
216 397
193 398
320 387
340 370
362 368
382 378
365 388
342 389
224 542
249 532
271 524
287 527
303 521
327 525
354 532
331 548
309 556
292 559
275 559
252 554
235 543
272 538
288 539
305 536
344 533
307 536
291 539
274 539
