127 360
136 406
148 449
161 488
177 525
201 558
230 587
260 611
296 618
332 610
365 584
396 552
419 514
434 472
445 429
453 382
454 334
145 359
170 351
198 356
224 364
249 374
304 372
330 359
359 350
389 344
421 348
278 390
279 421
280 451
282 483
253 488
268 495
285 499
302 494
318 486
179 385
200 379
220 380
240 392
219 395
198 394
324 391
343 377
364 374
386 378
367 389
346 392
233 527
253 522
272 517
288 521
304 516
325 518
349 522
327 543
306 555
289 557
273 555
254 546
243 530
272 530
289 532
304 529
338 525
305 532
289 535
273 532
