118 373
124 418
131 463
139 507
156 546
182 582
213 615
248 643
286 652
324 642
359 613
390 580
414 544
429 505
436 463
440 420
442 375
138 353
158 334
188 326
219 329
245 345
314 344
340 330
369 326
399 332
420 351
279 378
279 408
279 437
279 467
247 477
262 484
280 490
297 484
312 478
179 381
199 371
219 373
238 388
218 388
197 387
320 389
341 374
361 372
381 381
363 387
342 389
203 516
232 511
261 509
281 512
302 508
333 509
363 515
334 552
304 569
282 572
260 569
231 553
213 519
261 522
281 524
302 521
353 518
303 549
281 552
261 549
