120 376
124 419
131 462
137 504
148 544
169 578
201 605
237 625
278 632
319 626
356 605
388 578
411 543
424 502
431 461
438 418
442 374
147 359
168 343
194 336
224 336
250 347
314 348
340 336
369 334
396 340
416 357
283 380
283 407
284 433
284 460
253 485
268 489
283 491
298 489
312 486
181 383
198 373
220 373
238 389
218 393
197 392
324 389
342 373
363 372
381 382
365 392
343 392
223 548
245 533
266 522
282 528
296 524
315 534
335 549
314 561
295 564
279 565
263 563
243 559
233 547
265 539
281 541
296 540
325 548
295 541
280 541
265 540
