110 362
113 410
120 455
126 499
139 542
162 580
195 610
231 632
272 640
312 633
348 611
380 582
404 546
419 505
428 461
436 415
441 369
145 359
170 350
199 353
227 360
254 368
308 369
335 361
362 356
389 352
414 359
281 389
282 414
283 440
283 467
249 488
265 493
281 496
297 494
311 490
180 382
199 376
219 377
235 390
217 392
197 391
322 390
340 378
359 377
378 384
362 392
341 393
223 550
245 537
266 529
280 534
295 530
314 539
331 552
312 565
293 570
278 571
263 569
243 565
233 550
266 544
280 546
295 545
322 551
293 546
278 548
265 546
