117 367
120 413
124 460
129 505
143 547
170 584
204 614
242 640
282 648
322 638
359 611
392 579
417 543
430 500
434 456
437 411
439 366
143 357
163 339
191 336
219 343
244 357
315 358
341 343
368 336
396 339
416 356
283 381
283 407
284 433
284 460
247 477
264 481
282 486
301 482
317 478
179 383
198 376
217 378
235 390
216 391
196 389
325 389
342 376
362 375
380 382
364 388
345 390
201 521
230 513
260 509
281 513
302 509
332 513
360 520
333 557
304 574
281 577
259 574
229 558
210 524
261 520
281 523
302 520
350 523
303 553
280 556
260 553
