120 370
123 415
130 459
138 502
151 543
173 579
204 609
239 632
277 640
316 633
351 609
383 579
406 542
420 501
429 458
436 415
439 371
150 345
168 328
193 322
221 326
244 341
322 343
345 328
372 321
397 327
414 346
283 379
283 405
282 430
282 457
253 481
267 486
281 489
295 487
309 483
184 381
201 370
222 371
240 388
220 393
198 391
323 388
341 372
363 371
380 382
364 393
342 394
223 545
244 530
265 520
280 525
293 521
313 532
334 548
313 571
293 580
278 580
262 578
242 569
234 545
265 535
279 536
292 536
322 548
292 554
279 555
264 553
