124 373
128 417
135 460
142 502
153 543
174 579
206 608
242 631
283 637
323 630
359 607
391 579
413 543
426 503
434 460
440 417
444 372
150 359
169 342
196 336
224 336
251 344
317 345
343 337
372 336
397 341
417 355
284 380
285 405
285 431
285 457
255 481
269 485
284 489
299 486
313 483
184 382
201 371
223 372
241 389
221 393
199 393
326 387
343 370
366 368
383 380
368 391
345 392
224 545
245 530
268 520
283 525
297 521
317 531
338 547
317 567
296 576
281 577
265 575
243 567
235 546
267 534
282 535
296 535
326 547
296 552
282 553
267 552
