126 353
129 397
135 440
142 482
155 521
179 556
207 587
240 613
278 621
318 615
353 592
384 563
410 529
425 488
434 445
442 400
446 355
150 361
172 350
199 350
226 356
251 366
310 365
336 356
364 352
391 355
414 367
281 386
281 415
282 444
282 474
249 483
265 489
282 494
299 489
315 484
185 380
204 374
223 376
240 389
220 389
201 387
324 390
341 377
361 376
380 382
362 388
343 389
217 521
240 517
263 515
282 520
299 516
323 519
348 520
323 542
299 554
281 556
261 553
239 541
227 524
263 528
282 531
299 529
337 524
299 531
281 533
263 530
