121 368
124 413
130 456
136 499
147 541
168 577
200 605
236 627
278 634
321 630
359 608
393 581
417 546
431 504
438 461
445 416
449 372
143 353
163 335
192 331
221 339
247 354
316 357
343 343
373 336
402 340
423 357
283 380
283 406
283 431
283 458
252 483
267 487
282 490
297 488
312 485
180 381
197 371
219 372
238 389
217 392
195 391
327 389
345 373
367 372
386 382
369 392
347 393
218 542
243 531
265 522
282 527
296 523
318 533
342 544
317 560
295 564
280 564
263 563
241 557
229 542
265 537
281 539
296 539
331 545
295 540
280 541
264 539
