130 375
132 419
138 462
143 504
155 544
179 580
210 610
246 635
286 643
327 632
365 607
398 576
422 540
435 500
440 456
444 412
447 367
159 353
181 341
208 341
233 346
256 358
308 357
331 344
358 338
385 336
411 346
282 379
282 405
281 431
281 458
252 474
266 479
282 484
299 479
314 473
191 383
208 375
227 375
246 388
226 390
207 390
321 385
339 372
357 370
376 377
359 385
340 387
208 510
236 507
263 506
282 509
301 505
329 506
359 508
330 543
302 558
282 562
262 559
235 544
217 513
263 515
282 517
301 514
349 511
301 540
282 542
263 540
