121 372
123 419
130 463
137 506
151 549
172 590
201 624
236 652
277 662
318 652
353 623
383 588
406 549
421 506
430 462
437 417
439 371
156 363
181 354
210 356
238 362
263 372
299 373
324 364
351 358
379 356
404 364
281 388
281 414
281 440
281 468
249 482
263 488
280 492
297 488
312 481
186 384
205 379
224 380
242 390
222 391
204 390
320 390
338 381
357 381
375 385
357 391
339 391
223 547
238 524
261 514
279 518
297 513
319 521
331 543
319 578
299 595
279 599
260 597
238 582
234 547
261 528
279 529
297 527
321 544
297 570
279 573
261 570
