122 376
124 419
130 460
134 500
144 540
165 574
196 600
234 618
277 624
322 618
361 599
395 573
419 539
430 500
435 459
441 416
443 373
156 363
180 351
209 350
238 352
265 360
300 362
325 352
354 348
383 349
409 359
281 381
281 409
281 438
280 468
246 483
262 489
280 493
298 489
315 483
186 384
205 376
224 376
243 390
223 391
204 390
321 388
339 375
359 374
378 382
360 389
340 390
214 533
235 520
259 515
279 519
298 515
321 519
345 531
321 542
299 549
279 551
259 549
236 543
225 532
259 531
279 533
298 531
335 531
298 529
279 530
259 529
