122 386
124 428
130 469
137 510
148 549
170 584
202 610
239 629
281 636
322 629
359 610
392 584
415 549
427 510
433 468
438 425
441 383
158 349
180 337
206 335
232 343
255 355
311 356
333 344
359 338
385 340
407 351
283 381
283 405
283 429
283 454
255 480
268 484
282 487
296 485
309 481
188 383
205 374
225 375
243 390
224 394
203 393
322 390
340 376
360 375
377 384
362 394
341 395
226 536
247 524
266 517
280 522
294 518
314 525
336 536
314 548
295 554
280 555
265 554
247 549
236 536
266 533
280 535
294 534
326 536
294 534
280 535
266 534
