118 370
120 412
124 452
129 492
139 531
161 565
192 593
231 615
275 621
318 615
355 595
386 567
407 534
418 496
424 456
429 417
432 377
154 362
180 352
208 352
235 356
260 365
305 365
330 358
356 355
382 356
407 364
283 382
283 408
283 434
283 461
249 471
264 478
280 483
297 478
312 472
187 380
207 375
225 377
242 387
223 387
205 385
319 389
337 378
355 378
373 384
356 388
338 389
210 508
234 501
260 500
279 505
298 500
323 502
343 509
322 537
298 549
278 551
258 549
232 537
219 511
259 513
278 515
298 512
334 511
298 528
278 531
259 528
