128 387
131 429
138 470
145 511
158 549
178 585
207 613
242 634
281 641
321 632
355 609
385 580
406 546
418 507
425 468
431 427
434 385
163 360
185 347
212 343
239 345
265 353
301 356
327 349
354 348
380 350
402 364
282 380
283 401
283 423
283 446
254 471
267 476
283 479
298 476
311 471
191 382
208 370
229 371
246 387
227 391
206 391
318 387
336 372
357 371
373 383
358 392
337 392
231 538
248 516
269 505
283 508
297 504
316 514
329 536
316 559
298 571
282 574
267 573
247 562
242 537
269 521
282 521
297 520
319 535
297 546
282 548
268 547
