124 370
125 414
131 458
137 501
149 542
171 581
200 613
234 638
273 646
311 638
345 614
375 582
397 545
411 506
419 465
426 421
430 378
162 334
184 321
210 321
235 331
257 346
313 349
333 336
358 328
383 330
404 343
282 379
282 404
282 429
282 454
254 478
266 483
280 486
293 484
306 480
189 378
206 367
228 369
245 387
225 392
203 390
318 390
337 374
358 373
374 385
360 396
338 396
221 533
241 520
263 513
278 518
293 514
314 522
331 535
314 565
293 578
277 580
260 577
239 563
231 536
262 529
278 531
292 530
321 537
293 553
277 555
262 552
