100 377
103 424
112 471
121 516
137 558
166 592
203 617
243 637
287 644
332 639
374 621
413 596
441 559
458 515
466 468
472 421
474 373
131 357
155 341
186 338
218 344
249 354
310 355
341 342
375 335
408 339
437 355
281 381
282 411
282 440
283 470
246 490
265 495
285 498
304 495
322 491
168 382
189 369
213 370
233 389
212 394
187 393
331 389
352 369
376 368
397 380
379 392
354 394
219 546
244 533
268 528
286 533
305 528
331 534
356 546
332 560
307 567
287 569
268 567
244 560
230 545
268 545
287 547
306 544
346 545
306 545
287 547
269 545
