107 375
110 422
119 469
127 513
141 556
166 593
204 621
244 642
287 650
332 644
376 624
415 597
442 559
458 514
466 467
471 418
474 370
135 354
158 338
186 333
216 338
244 348
316 346
345 334
376 330
407 336
432 351
281 379
281 410
280 439
280 470
247 490
263 496
281 500
299 496
316 492
173 383
193 372
215 372
235 388
215 392
192 393
330 387
350 371
373 371
393 382
375 392
352 392
218 551
242 538
265 530
280 535
298 531
324 539
351 551
324 567
299 574
280 575
264 573
242 565
228 551
264 547
280 549
298 548
340 551
298 548
280 549
264 547
