107 381
109 429
117 477
127 523
142 567
166 607
200 638
240 662
284 672
330 665
374 642
413 613
441 575
459 530
470 482
478 433
482 385
143 338
163 319
190 312
218 317
244 330
324 328
351 315
382 310
411 320
433 339
284 375
283 402
281 428
280 454
249 483
264 489
280 492
297 490
313 488
178 383
197 370
220 370
239 386
219 393
196 393
333 388
352 371
376 372
396 386
378 396
354 396
225 561
244 535
267 523
280 528
295 525
321 539
343 565
322 592
296 601
279 601
264 599
242 587
236 560
267 545
280 545
295 547
331 564
295 571
279 570
265 568
