116 389
116 435
123 479
132 524
146 566
170 601
206 629
245 649
290 656
335 651
380 633
418 606
445 569
462 524
470 475
475 428
475 381
141 350
161 332
189 326
219 332
247 343
316 337
346 324
378 319
408 326
432 344
281 377
281 405
280 434
280 463
249 490
265 495
282 499
300 496
316 492
176 385
194 373
216 373
236 387
216 394
193 395
331 387
352 371
375 371
395 382
377 392
354 393
223 557
245 542
267 532
281 537
298 534
324 545
352 559
324 573
298 578
281 579
265 577
245 570
233 557
266 551
281 553
298 553
341 558
297 553
281 554
266 552
