112 375
112 421
115 466
120 510
133 553
159 589
195 619
236 647
282 656
329 649
373 625
413 596
443 560
461 517
469 470
474 424
477 377
137 356
158 338
186 333
215 339
241 351
318 349
346 337
377 332
407 339
433 355
279 378
279 410
278 442
277 474
240 485
259 492
279 498
300 492
320 486
172 382
192 372
213 373
233 387
212 388
190 387
331 388
352 374
374 373
396 382
376 388
354 389
194 524
226 518
257 517
280 522
305 518
342 520
378 525
343 564
306 581
280 582
255 579
223 562
205 527
257 529
280 532
305 529
368 528
305 558
280 560
256 556
