116 376
117 422
122 467
131 511
147 551
173 587
207 613
245 634
287 641
330 634
371 614
408 589
436 553
454 510
464 463
471 415
474 366
139 362
163 347
192 347
222 355
250 365
312 361
341 350
371 339
403 338
430 353
281 381
281 413
281 443
281 475
245 485
263 492
283 496
304 492
322 485
175 386
195 378
215 379
234 389
215 390
194 391
329 387
350 375
371 374
392 380
373 387
352 388
226 540
242 519
263 512
283 517
304 513
328 521
349 540
328 558
304 568
282 570
262 567
241 556
237 538
263 531
283 533
304 532
338 540
304 540
282 543
262 540
