109 377
109 423
117 469
124 515
136 558
160 598
196 629
237 653
282 661
329 654
374 632
414 603
441 564
456 520
465 473
471 426
474 378
135 350
157 332
187 328
218 335
248 346
312 342
343 329
375 322
407 327
432 346
279 377
278 407
278 437
277 468
243 489
260 495
277 499
296 496
314 492
170 382
189 367
213 368
233 388
212 394
187 394
328 389
349 368
374 367
393 382
376 395
351 395
217 555
239 537
262 528
277 533
295 530
321 540
346 558
320 579
295 587
276 587
258 585
236 575
229 555
261 549
277 551
295 550
334 558
294 558
276 558
260 556
