130 386
134 428
141 468
148 507
158 545
178 577
208 599
244 615
283 619
322 616
360 602
392 582
415 551
428 513
436 474
444 433
449 391
151 353
170 332
199 326
229 332
257 345
309 349
337 339
368 336
398 344
418 364
282 379
281 410
280 440
280 471
247 490
264 495
281 500
299 496
316 491
182 382
200 366
224 368
244 391
222 395
197 393
323 392
342 370
367 369
386 386
369 395
344 396
215 543
241 531
265 524
283 527
301 523
327 530
355 543
328 554
302 557
284 558
265 557
242 554
225 543
265 540
283 540
301 539
345 543
301 541
284 541
266 541
