132 386
138 426
146 464
154 500
165 535
186 566
214 589
250 605
289 607
327 603
360 585
388 562
408 532
418 497
425 461
430 423
434 383
157 368
177 357
202 352
229 353
253 360
309 359
332 351
357 351
382 353
403 364
282 377
283 407
284 437
285 467
250 475
266 481
285 488
303 481
318 473
189 385
206 379
223 378
241 385
223 384
206 385
322 384
339 377
356 377
374 383
356 383
339 383
217 523
238 507
264 502
287 505
308 500
333 503
352 520
334 540
310 549
288 551
265 551
239 544
226 523
264 514
287 515
308 513
344 520
309 530
287 533
264 532
