130 376
135 418
144 457
152 496
164 536
185 571
214 601
247 624
284 631
321 625
357 605
388 578
412 544
426 505
436 466
445 424
451 380
155 367
181 356
211 357
240 364
268 373
304 372
333 362
363 356
394 356
421 368
287 388
286 418
285 448
283 479
251 492
266 498
283 503
300 500
316 494
188 384
207 375
228 376
247 391
227 393
205 393
328 391
347 376
368 376
388 385
369 393
348 393
227 547
244 533
266 524
282 529
299 525
322 535
341 550
322 569
300 577
282 578
265 576
244 566
237 547
265 543
282 545
299 543
330 550
299 553
282 554
266 552
