126 393
131 431
138 467
148 503
162 538
185 568
215 593
249 613
287 617
325 612
361 592
392 567
415 535
427 499
435 461
442 422
446 382
144 359
163 338
193 332
222 337
250 348
311 344
339 332
369 328
398 337
417 358
283 381
283 410
282 438
282 467
249 482
265 488
282 493
300 489
316 483
182 387
200 374
222 375
242 391
221 394
199 394
322 390
342 374
364 373
382 385
366 393
344 393
225 531
246 519
267 513
282 516
297 513
320 520
344 531
321 544
299 551
283 552
267 550
246 544
234 531
267 529
282 531
298 529
335 531
298 529
283 531
267 530
