127 381
133 424
144 464
155 504
168 541
190 575
219 602
252 622
287 629
323 623
358 602
389 575
414 541
427 502
435 461
443 419
447 375
146 363
164 341
193 334
223 339
250 349
312 346
339 334
370 329
399 337
420 357
282 382
282 414
282 445
282 477
251 494
267 499
284 503
301 499
317 493
180 388
198 375
220 376
242 393
220 397
197 396
324 391
344 373
366 371
386 382
369 392
345 393
224 545
244 531
268 526
285 530
301 525
326 528
348 540
328 564
304 575
287 577
269 575
245 566
233 545
268 542
285 544
302 541
339 541
303 555
286 558
269 556
