134 371
138 412
145 451
152 491
164 529
187 564
216 593
250 620
289 628
330 620
367 595
399 566
424 530
437 492
445 450
451 406
455 362
148 356
167 337
196 335
224 343
250 356
316 353
342 338
371 330
401 333
424 351
283 382
283 416
282 448
282 480
247 485
265 492
283 498
303 492
322 484
184 383
203 374
224 376
244 390
222 391
201 389
328 389
348 375
369 372
389 381
370 387
349 389
208 510
236 509
263 510
285 513
307 509
337 507
371 507
340 542
310 558
287 561
264 558
236 542
219 514
263 521
285 523
307 520
360 512
309 539
286 542
264 539
