130 381
136 426
147 470
160 512
174 553
194 595
219 632
250 663
285 674
321 666
355 638
382 600
405 558
422 514
435 469
446 422
451 374
151 351
168 330
196 323
225 329
251 340
317 333
343 320
373 315
402 324
421 347
282 381
281 412
281 443
281 474
250 491
265 498
282 503
298 499
314 492
182 382
200 365
225 367
244 390
222 394
198 393
324 390
343 366
368 363
387 381
371 393
346 394
235 559
246 535
267 524
281 528
295 525
320 537
336 564
321 604
298 623
282 624
265 620
246 598
244 560
267 542
281 543
295 543
326 564
297 594
282 595
267 591
