117 378
118 420
122 463
128 505
142 545
167 580
200 610
238 636
281 643
324 635
362 610
394 579
418 542
429 501
433 458
436 414
438 371
145 360
169 345
200 345
229 353
259 364
297 363
325 350
355 340
386 339
410 353
279 383
279 409
280 436
280 464
252 486
266 491
281 496
296 492
310 487
179 384
197 374
218 375
237 388
216 391
195 391
321 386
338 372
359 371
378 381
361 388
340 389
224 543
241 530
263 524
281 529
297 525
319 532
339 546
320 569
298 579
280 581
262 578
240 566
234 544
263 541
281 543
297 541
329 546
297 552
281 554
263 551
