115 383
118 426
124 469
130 511
144 550
168 585
200 613
238 634
281 640
323 632
359 610
388 580
408 544
417 503
422 462
426 420
427 378
148 345
168 327
197 324
224 331
250 345
310 344
334 327
360 318
387 323
405 343
280 378
281 403
282 429
283 455
254 483
268 487
282 490
295 487
308 482
179 382
197 366
222 368
241 390
219 396
194 395
316 388
334 366
358 364
376 379
361 393
336 394
220 539
242 524
265 516
281 521
296 517
318 524
339 541
319 565
298 576
281 577
263 576
240 564
230 539
264 531
282 533
297 532
329 541
297 549
281 551
264 549
