128 385
127 425
130 465
134 505
146 542
168 575
199 604
236 627
278 636
320 628
358 606
390 577
412 541
424 500
428 458
433 414
434 370
147 361
169 347
198 348
225 355
252 366
304 362
329 350
355 340
384 339
407 352
277 381
277 409
276 436
276 465
246 478
261 485
277 490
293 486
308 480
180 382
198 374
217 374
236 387
216 388
196 388
318 385
336 371
356 369
374 377
358 384
338 385
218 524
234 509
257 507
277 513
297 509
322 513
343 526
322 557
298 572
276 574
254 569
232 552
226 524
256 521
277 525
297 524
334 528
297 546
276 548
255 543
