108 391
111 433
115 475
120 516
133 555
157 588
191 614
232 635
277 641
321 635
360 614
391 586
411 551
419 511
422 471
427 430
427 389
145 357
168 341
198 338
227 344
255 356
306 356
332 344
359 338
387 342
407 360
281 381
282 404
282 428
283 452
254 482
267 486
281 489
294 486
306 483
179 387
197 374
219 375
238 392
217 397
194 396
318 392
336 376
358 375
376 388
360 398
338 397
216 541
240 526
263 518
281 523
297 518
317 527
337 543
318 560
298 567
280 569
262 567
239 558
227 541
263 537
280 539
297 538
327 543
297 541
281 542
263 540
