120 380
122 424
127 467
132 510
148 548
173 582
205 611
241 636
282 644
323 635
361 609
392 578
416 543
429 503
432 459
434 416
435 373
145 360
167 342
197 340
225 347
252 360
309 357
335 343
362 334
391 336
411 354
282 382
282 409
283 436
283 465
249 480
265 486
282 492
299 486
315 481
181 383
200 371
222 373
241 391
219 393
197 392
321 389
339 371
361 368
380 380
364 389
342 391
205 514
232 510
261 510
283 514
304 510
332 511
359 515
334 554
306 572
283 575
259 571
230 553
214 517
261 521
283 525
304 522
350 518
304 550
282 553
260 549
