126 382
128 424
134 465
139 505
152 543
174 577
205 605
240 629
282 637
323 629
360 606
391 576
412 541
422 501
426 460
431 418
432 375
153 361
175 345
203 342
232 346
259 357
301 357
327 344
355 338
383 341
405 356
282 380
283 408
283 436
284 464
256 484
270 489
284 494
298 490
311 485
184 383
203 371
224 372
242 390
222 394
200 393
319 388
336 371
358 368
377 381
361 390
339 391
221 531
241 521
265 518
283 523
300 519
323 524
343 536
323 564
300 577
281 579
261 576
239 561
230 533
264 531
282 534
300 533
334 538
299 552
281 554
262 550
