121 389
122 432
126 475
130 517
143 556
166 590
199 619
238 640
282 646
326 638
364 615
395 585
416 549
425 507
429 465
434 421
435 378
147 358
169 343
198 340
227 345
255 354
304 353
330 341
358 334
387 337
408 353
280 380
280 408
281 437
282 466
253 490
267 494
282 498
296 494
310 490
179 384
197 371
219 372
238 390
217 393
195 393
320 388
337 369
360 367
378 380
362 390
340 391
220 548
239 535
263 529
282 534
299 529
323 535
343 549
323 569
300 579
281 581
261 579
238 569
229 549
263 548
282 550
300 548
332 550
299 552
282 555
263 552
