150 389
147 430
148 471
151 513
161 553
181 590
209 621
244 646
283 654
324 647
361 623
394 594
417 557
431 517
436 474
437 431
436 389
159 360
180 346
207 346
234 352
260 361
299 362
327 355
356 352
385 353
409 366
280 384
279 414
279 443
279 473
249 488
264 494
280 499
298 494
314 488
189 379
205 373
223 375
242 386
222 385
204 384
322 389
339 378
358 378
376 385
358 390
340 390
224 534
241 523
263 521
284 526
305 521
329 521
348 531
329 557
306 572
284 576
262 573
240 559
233 536
263 535
284 538
305 535
338 533
305 549
284 553
263 550
