134 392
133 435
135 479
138 523
148 566
169 605
201 638
238 663
282 672
328 666
368 643
400 613
422 576
433 534
437 491
439 448
438 405
153 346
173 327
203 322
232 325
262 336
307 342
335 334
365 335
393 344
413 364
284 378
283 408
283 438
283 468
252 495
266 501
283 506
299 502
314 496
184 377
202 364
224 366
243 386
221 389
199 387
325 393
345 375
367 375
385 389
368 398
345 397
221 556
241 540
264 535
283 540
302 535
326 541
346 558
327 576
303 587
284 589
263 586
241 575
232 557
264 554
283 556
302 554
335 558
303 564
284 566
264 563
