135 386
132 428
132 471
134 515
144 557
166 594
199 625
236 650
281 660
327 653
369 630
405 601
430 564
443 522
448 479
450 435
450 391
152 356
173 339
202 335
231 339
259 348
305 351
334 343
366 343
395 350
418 367
282 382
280 414
280 445
279 477
247 496
262 503
279 508
297 503
315 498
183 380
202 371
222 373
242 389
220 389
200 387
325 393
344 380
364 379
383 388
365 395
345 395
215 546
236 536
261 533
282 538
303 534
332 538
359 547
332 566
304 576
282 578
260 574
236 564
225 547
261 551
282 554
303 552
348 548
303 556
282 556
261 553
