132 394
131 440
135 486
142 532
157 575
178 616
206 652
240 683
281 694
324 687
363 658
396 623
421 582
439 538
449 491
454 443
455 396
147 336
163 309
194 301
224 311
250 328
315 330
344 317
375 313
405 325
423 351
281 376
281 407
280 436
280 467
247 494
262 502
279 507
295 504
311 500
179 376
197 358
222 361
242 387
219 393
193 391
323 392
344 368
370 368
387 387
372 400
345 400
227 571
243 547
264 536
278 542
294 538
318 552
335 577
318 606
295 619
277 620
261 617
241 601
238 570
264 556
278 558
294 558
323 575
294 590
277 591
263 588
