133 386
131 429
131 472
133 515
143 557
168 596
199 630
237 660
280 671
324 662
364 634
397 600
422 561
437 520
440 476
440 434
440 391
144 356
167 339
196 334
226 339
253 350
309 350
338 341
367 338
397 344
421 361
281 382
281 414
281 445
280 477
243 490
261 497
280 503
299 497
317 492
176 379
197 371
217 373
237 388
216 387
195 385
324 391
345 378
365 377
384 385
366 392
346 393
191 521
222 517
255 519
280 525
307 521
340 521
371 525
341 566
306 585
278 587
251 583
219 563
202 526
254 530
279 536
306 532
361 528
306 565
279 568
253 563
