140 395
134 439
133 483
136 527
148 568
170 604
201 636
235 662
278 670
323 664
363 642
399 615
427 580
445 539
451 494
453 448
453 405
151 352
173 337
203 336
233 342
261 352
304 353
336 345
368 343
398 348
423 363
283 383
282 412
281 441
280 472
245 497
262 503
280 508
298 504
316 500
181 378
200 368
221 370
241 388
220 389
198 388
326 392
346 375
368 375
387 387
370 395
348 396
214 553
239 543
262 540
279 546
297 541
324 546
352 556
322 565
295 571
276 572
258 569
236 562
224 552
261 557
278 560
297 558
342 555
295 553
277 555
261 551
