136 398
132 441
131 485
133 529
144 570
168 605
200 634
236 657
278 665
321 661
361 640
396 612
420 576
435 534
442 490
446 445
445 402
150 349
171 332
200 329
228 336
255 348
310 349
341 340
371 338
401 345
422 363
283 382
282 412
282 442
282 472
248 498
264 504
280 509
298 506
314 502
179 380
197 368
220 371
240 390
218 392
195 391
324 394
345 377
367 377
386 389
369 399
346 399
214 552
240 544
263 539
279 546
296 541
320 550
348 558
320 574
295 582
277 582
260 578
238 569
224 554
262 556
278 559
295 558
337 558
295 558
278 559
262 556
