126 399
132 443
141 486
149 527
160 566
182 599
214 623
251 640
292 644
334 636
369 616
400 591
422 558
433 519
438 476
444 432
447 387
148 373
170 354
200 349
230 353
260 360
293 354
322 345
352 341
383 346
408 362
279 381
279 412
280 444
280 476
249 489
265 494
282 498
299 493
315 488
186 389
203 377
223 377
241 391
223 393
203 393
320 387
337 373
356 372
375 383
358 388
338 388
223 546
240 526
263 520
284 523
303 518
328 524
347 541
329 566
307 577
286 580
264 579
240 569
231 545
264 535
284 536
304 533
338 541
305 555
285 558
264 556
