125 385
128 431
137 477
145 522
159 565
184 603
215 635
250 659
290 666
330 656
363 628
391 595
413 556
425 513
431 468
438 422
440 375
147 362
169 345
198 340
228 344
256 353
299 347
326 336
355 332
385 336
408 353
279 382
280 412
280 443
280 475
252 493
266 499
281 505
296 499
309 493
181 384
199 370
222 371
241 392
220 394
198 393
317 389
336 368
359 365
378 379
362 389
339 391
219 549
236 534
261 530
280 535
300 530
326 534
346 547
328 585
304 602
282 606
261 602
236 585
226 550
262 541
281 543
300 541
338 549
302 581
281 584
261 582
