120 390
125 436
136 480
143 524
155 566
178 602
212 626
251 643
293 647
337 639
373 619
406 591
426 555
436 512
441 467
448 422
449 376
145 367
169 352
201 350
232 356
264 363
293 360
323 350
355 343
388 345
415 360
280 385
281 415
282 445
283 475
253 494
268 499
284 502
301 497
316 492
182 386
200 372
223 372
243 391
221 396
198 396
322 390
340 370
364 369
383 382
366 393
343 394
235 556
251 539
270 530
287 534
302 528
322 535
340 549
324 558
305 564
289 567
272 567
253 564
244 554
271 547
287 547
303 545
331 548
304 545
288 548
272 547
