118 398
123 444
133 489
143 534
157 576
181 612
215 642
252 666
294 671
336 661
371 634
400 600
419 561
430 517
437 472
443 428
445 383
143 357
163 335
193 327
224 330
253 341
303 337
330 323
360 318
391 324
414 342
280 376
281 406
283 435
284 466
256 495
270 501
284 504
298 499
311 494
175 385
194 366
220 366
241 391
219 397
192 398
320 388
339 362
365 359
384 377
369 391
343 393
231 568
248 549
269 539
285 542
302 538
324 546
343 562
326 590
305 601
287 604
269 603
248 594
242 568
269 554
285 555
302 553
332 563
303 576
286 579
270 578
