123 387
126 433
135 479
142 525
154 569
178 605
212 632
250 651
291 656
332 648
369 626
401 597
421 559
431 515
437 469
444 423
446 377
145 351
164 331
193 324
224 328
252 340
304 337
333 323
363 318
395 325
417 345
281 376
282 409
283 440
284 473
255 496
269 502
283 507
299 502
312 496
180 382
198 367
223 370
244 391
221 396
196 395
319 391
340 368
364 365
383 379
368 393
343 395
228 559
248 544
267 539
283 543
301 538
321 543
341 555
322 564
302 569
284 572
267 570
247 566
238 557
267 552
283 553
301 551
333 554
302 552
283 554
267 553
