117 397
122 441
131 484
138 528
150 569
174 603
208 629
245 648
287 653
329 645
365 623
396 595
415 559
424 518
428 474
436 431
439 387
144 365
165 347
194 340
224 343
253 351
301 349
329 339
359 336
388 341
411 357
279 380
280 409
281 438
281 468
253 492
266 497
281 501
296 497
309 491
180 387
198 374
220 373
239 390
219 393
198 394
319 388
338 371
359 370
377 383
360 391
339 391
220 549
244 542
265 536
281 540
297 535
318 539
342 544
320 559
299 567
282 569
265 568
244 563
229 551
265 549
281 550
297 548
332 546
298 547
282 550
265 549
