117 381
121 427
129 473
136 517
149 560
176 596
211 627
249 654
290 661
330 650
364 621
395 587
417 549
427 506
431 461
437 416
438 370
137 366
160 347
191 342
223 345
251 356
298 349
327 336
357 332
388 336
412 353
278 381
279 413
281 445
282 478
247 492
265 498
282 504
300 496
315 489
175 385
195 372
218 373
239 392
217 394
194 394
318 387
338 368
360 366
379 377
363 387
340 389
201 526
231 527
263 527
283 530
304 524
334 520
362 516
337 559
309 579
286 585
264 583
232 566
210 530
263 534
283 536
304 531
353 521
307 562
285 567
264 565
