111 379
112 421
116 460
121 501
132 541
156 575
191 603
233 624
278 633
325 628
369 609
406 582
432 547
445 506
450 464
453 423
454 381
140 350
161 333
192 331
222 337
250 350
314 351
341 336
371 330
401 335
424 352
282 376
283 402
283 428
283 455
245 471
263 478
282 484
301 480
319 475
179 380
198 376
217 377
237 387
216 386
197 384
326 388
346 380
365 379
386 384
366 388
346 389
193 512
225 505
257 503
280 509
302 505
335 510
368 517
335 546
302 556
278 557
254 554
222 542
204 515
256 518
280 522
302 520
357 519
301 538
279 539
256 537
