119 374
122 415
129 455
136 494
148 533
168 567
198 594
235 616
277 626
320 622
361 604
394 578
417 542
429 501
437 459
444 416
447 371
151 359
174 347
202 347
230 353
256 362
312 361
338 352
365 344
393 344
415 356
284 380
285 408
286 436
286 465
250 474
266 482
284 489
303 484
319 477
187 382
205 376
223 377
241 387
222 387
204 387
325 388
343 377
362 376
380 382
363 388
344 389
227 533
242 515
263 509
282 514
300 510
321 519
338 537
320 551
299 557
280 558
261 555
241 546
237 532
262 524
282 527
300 527
328 536
299 536
281 536
262 534
