112 381
116 424
124 465
132 507
142 551
162 589
194 620
232 644
278 653
323 648
365 627
399 596
421 557
434 513
442 470
450 426
453 382
146 343
169 329
197 327
225 333
251 345
309 346
335 334
365 328
394 331
418 346
281 379
282 404
282 429
282 456
251 481
266 486
281 489
296 487
310 484
178 380
195 367
219 368
238 389
216 394
193 393
322 390
341 370
365 369
384 383
367 395
343 396
222 546
241 530
263 521
278 526
293 522
315 534
336 551
315 571
292 578
277 579
260 576
240 568
233 547
262 538
278 539
292 539
324 551
292 555
277 555
262 554
