114 379
118 420
126 460
133 500
143 542
164 579
197 608
236 628
280 635
324 631
365 612
398 583
420 547
432 505
440 463
447 420
450 377
145 343
168 328
198 327
227 333
254 345
310 345
336 333
365 326
394 329
416 346
282 380
283 405
283 431
283 457
253 481
267 486
282 490
297 488
311 484
179 381
197 368
220 370
239 390
218 395
194 393
323 392
342 372
365 370
383 384
367 397
343 397
222 542
244 529
264 521
279 526
293 523
314 533
336 547
313 562
293 566
277 566
262 564
242 558
232 543
264 537
279 539
293 539
325 547
292 544
278 544
263 543
