119 377
124 420
132 461
139 502
150 542
172 576
203 603
237 623
276 630
316 628
356 612
392 589
419 555
435 515
444 473
452 430
458 385
156 350
179 339
207 339
234 345
261 354
308 356
335 348
363 343
391 345
415 358
286 380
285 405
285 431
284 458
253 479
267 484
283 488
298 486
313 483
189 382
208 376
226 376
243 386
225 389
206 388
328 389
346 381
365 381
383 388
365 394
346 393
225 537
246 526
266 520
280 526
293 522
312 532
334 545
311 554
292 558
278 558
263 556
245 549
234 537
265 534
279 537
293 537
325 544
292 539
279 539
264 536
