108 379
112 423
119 466
126 509
138 550
161 586
195 614
235 636
276 645
317 638
355 617
389 590
413 553
426 511
435 467
443 422
448 378
144 351
167 334
196 330
227 335
254 348
309 348
335 335
365 330
393 336
414 353
283 381
284 409
285 438
285 468
250 489
266 495
282 499
299 496
313 492
177 382
196 372
218 374
237 391
216 395
194 394
321 392
341 375
363 373
381 384
366 396
343 397
220 545
245 535
264 530
279 535
294 531
314 539
337 548
313 561
294 564
278 565
263 563
243 558
230 546
264 542
279 544
294 543
326 549
293 545
278 546
263 544
