115 384
118 425
126 464
133 505
143 546
165 581
199 608
238 627
281 634
325 630
367 612
402 585
425 549
438 507
447 465
454 423
457 380
144 347
165 331
194 327
223 334
251 346
311 346
339 332
370 326
399 331
422 349
283 378
283 404
284 429
284 455
252 480
267 485
283 488
298 486
313 483
180 384
198 375
219 375
239 389
218 393
197 393
325 390
344 377
366 376
384 385
367 394
345 394
219 536
243 526
265 520
280 526
295 522
317 530
343 541
316 554
294 557
279 558
263 555
242 549
229 537
264 535
280 538
295 537
332 541
294 538
279 538
264 536
