134 386
138 428
146 469
152 510
163 548
183 582
210 611
245 632
284 639
324 633
362 614
392 586
414 551
427 513
434 471
441 427
443 384
158 353
179 338
205 333
232 335
257 344
300 347
325 339
352 336
380 339
406 352
278 377
278 403
278 429
279 456
252 476
266 481
280 484
296 480
310 476
186 382
204 373
224 374
242 390
222 393
202 391
320 390
337 374
358 372
377 382
360 391
340 393
219 534
237 511
261 503
282 506
302 503
327 511
346 537
328 563
303 575
281 577
260 575
236 561
229 533
261 522
282 524
302 523
337 535
302 549
282 550
261 547
