120 394
124 437
133 480
142 523
155 563
178 597
209 625
246 645
286 651
326 644
363 623
393 593
412 556
424 515
431 472
437 427
439 384
151 334
171 317
198 314
224 323
247 337
310 338
333 322
359 312
386 316
408 332
280 373
280 399
281 424
282 450
257 478
269 481
282 484
295 481
306 478
182 379
199 365
222 367
240 387
219 394
196 392
320 386
338 365
362 363
379 378
365 390
341 392
220 550
239 523
264 511
283 514
300 512
325 523
345 549
327 575
302 586
283 588
263 586
239 575
231 549
265 532
283 532
300 532
333 549
300 558
282 559
264 558
