120 379
126 425
136 469
145 513
161 552
186 587
220 615
257 636
295 642
331 632
365 606
393 575
414 539
427 498
433 455
440 410
441 364
149 360
175 349
204 350
233 359
261 370
296 369
323 357
352 346
383 343
410 353
281 386
282 411
284 437
285 463
257 486
271 490
287 493
301 488
315 483
183 385
201 378
221 379
240 392
219 394
199 393
323 389
339 375
360 373
380 379
362 388
343 390
227 549
247 530
269 520
288 523
306 518
328 524
346 543
331 564
310 577
291 581
271 580
248 570
239 549
270 538
289 538
307 536
335 543
308 550
290 553
271 552
