113 382
115 426
121 468
127 509
141 548
165 582
197 609
235 631
277 639
316 631
351 610
379 582
399 547
410 509
418 469
425 426
427 383
151 355
176 342
207 341
236 347
264 358
298 361
324 351
352 344
381 345
405 360
283 378
283 402
284 425
285 450
252 466
267 472
284 477
299 473
313 467
182 380
201 372
221 374
239 387
218 388
199 386
319 389
336 376
356 375
374 383
357 389
338 390
214 524
232 498
260 490
282 495
301 491
326 499
340 525
327 561
303 577
281 579
257 576
231 559
223 523
260 511
281 513
301 511
331 524
302 548
281 550
259 547
