119 375
121 419
127 463
133 505
144 545
165 581
196 609
233 631
276 639
318 632
355 613
388 585
410 551
421 512
428 470
436 427
439 383
148 343
172 328
201 327
228 337
253 351
310 354
336 341
364 333
393 337
416 353
283 379
283 404
283 429
282 455
255 482
267 485
281 488
294 486
308 484
180 379
199 370
220 372
240 388
217 391
196 389
323 391
341 375
363 374
382 384
365 394
343 394
213 542
237 523
262 514
280 518
297 515
320 525
343 545
320 564
297 571
279 572
259 570
235 561
225 541
261 536
280 537
297 537
330 544
296 541
279 542
261 540
