126 376
127 420
131 464
136 507
150 548
175 584
205 616
241 641
281 650
321 642
358 617
390 586
416 551
432 513
439 470
442 427
444 383
151 346
174 332
202 330
229 337
253 350
310 352
335 340
362 334
391 337
415 352
282 380
281 405
280 431
280 457
247 474
263 479
279 485
297 480
314 476
184 377
203 373
223 376
241 389
220 388
201 385
323 392
342 380
361 378
381 383
363 390
344 391
190 512
222 502
256 501
280 505
304 502
338 506
370 517
338 559
304 579
278 582
252 579
218 556
200 516
256 516
280 520
303 518
359 520
303 556
279 559
254 555
