130 388
135 431
144 472
152 512
166 549
187 582
216 610
251 630
291 636
332 629
368 608
396 578
416 541
427 501
432 459
437 415
438 371
153 361
174 345
201 339
230 342
257 352
296 353
322 343
349 338
378 340
402 352
279 380
281 407
283 433
285 461
256 483
271 487
286 490
301 486
314 482
184 386
202 377
222 377
241 392
220 395
200 394
320 389
337 374
357 371
376 380
360 389
340 391
226 543
245 522
268 513
287 517
305 512
329 519
349 539
330 554
308 562
288 564
268 563
246 557
237 542
268 535
287 536
306 535
338 538
306 536
288 537
269 536
