117 386
123 430
132 472
141 512
153 550
176 582
210 609
248 630
289 636
331 627
371 606
407 581
430 547
441 508
448 466
455 425
460 382
140 359
161 339
191 334
222 339
249 354
307 353
336 338
368 332
399 336
424 352
277 380
277 406
276 433
276 462
248 484
263 488
277 491
293 488
308 484
177 387
196 376
217 376
237 390
217 395
195 395
323 389
344 376
365 375
383 385
367 393
345 393
219 536
243 528
264 522
279 525
294 521
320 527
348 534
321 552
297 559
280 560
264 559
243 553
229 538
264 537
279 538
295 536
338 536
295 536
280 538
265 537
