118 390
123 432
132 473
139 514
150 552
172 586
205 613
243 635
284 643
326 633
364 612
398 585
419 551
429 513
436 473
443 433
447 392
145 335
164 313
191 303
220 305
245 320
319 319
345 305
373 303
399 314
418 335
281 369
281 395
280 420
280 447
251 474
265 479
279 483
295 479
309 474
178 381
197 365
221 366
241 385
220 392
195 392
321 386
343 366
367 366
384 382
369 393
344 392
218 535
242 519
266 511
280 514
296 511
321 520
347 534
322 559
297 569
280 571
265 569
242 559
229 535
266 526
280 527
296 526
336 536
296 548
280 550
266 548
