121 382
125 425
134 466
142 508
152 547
175 582
207 610
244 633
284 640
323 631
361 608
395 580
418 546
428 507
434 466
441 426
445 384
147 341
165 320
191 310
220 313
243 328
319 329
345 315
372 312
397 323
415 342
280 373
279 401
279 428
278 456
249 481
263 486
279 490
294 486
309 482
182 383
201 374
221 375
241 387
221 390
200 390
321 387
342 376
362 376
379 385
363 391
343 391
217 539
243 529
266 523
280 526
296 522
320 529
344 539
322 561
298 571
281 573
265 571
242 561
229 540
266 537
280 538
296 537
334 540
297 549
281 550
266 549
