114 389
119 432
127 473
134 512
144 551
164 585
195 611
235 628
280 634
327 630
367 614
399 589
420 556
429 517
436 476
443 435
449 391
141 367
163 349
193 345
223 348
250 360
308 364
337 354
368 349
398 354
420 371
280 377
280 402
280 427
280 453
246 470
261 476
279 481
297 477
313 472
178 381
197 374
216 374
236 386
215 387
195 385
323 389
343 379
363 380
382 387
363 391
343 390
213 533
234 511
259 503
280 506
299 503
325 512
346 535
326 555
300 564
280 565
258 563
233 553
224 532
259 520
280 520
299 520
336 533
300 545
280 546
259 544
