122 399
127 440
134 479
141 519
150 557
171 589
202 613
238 632
281 637
327 634
368 617
403 594
427 562
439 524
447 485
455 446
462 404
148 365
170 345
201 336
234 335
264 347
300 352
333 343
368 343
400 352
424 372
282 377
281 402
280 427
279 453
252 481
265 485
280 488
295 486
310 482
183 386
202 374
223 374
244 389
223 393
201 393
327 391
348 378
370 379
388 392
370 398
348 397
222 543
245 529
265 520
281 524
296 520
318 530
343 546
318 552
296 555
280 555
264 554
245 551
232 542
265 535
281 536
296 535
333 544
295 535
281 536
265 535
