113 388
118 431
126 473
133 515
146 554
172 588
207 616
246 639
287 647
328 637
366 613
400 584
424 549
436 508
440 464
444 423
445 381
139 360
161 342
191 336
221 340
248 354
306 353
333 340
361 334
390 337
413 352
278 381
278 407
278 434
278 462
245 480
261 486
279 490
296 486
313 481
176 386
196 377
216 377
236 391
216 394
195 394
320 391
340 377
360 376
379 384
362 392
341 393
204 525
234 516
261 511
280 514
300 511
329 516
359 524
331 554
302 566
281 568
261 567
233 555
214 527
262 522
280 523
300 521
350 527
300 549
281 551
262 549
