108 402
114 445
122 487
130 527
141 566
165 599
200 626
241 648
286 655
330 646
370 623
404 596
427 563
438 523
444 481
450 438
454 394
145 370
167 354
196 346
228 346
256 357
301 361
331 350
362 347
392 352
416 367
280 382
280 408
280 434
280 462
251 485
265 490
281 494
296 489
311 485
178 389
198 380
218 380
237 392
217 394
197 393
324 392
344 380
364 380
383 389
365 393
345 393
216 546
241 530
266 522
282 525
300 521
327 529
353 543
328 565
302 576
283 578
265 576
241 568
228 546
266 536
282 536
300 535
342 544
301 551
283 553
266 552
