125 393
130 434
137 474
144 514
156 552
179 586
209 614
246 634
287 639
327 632
363 609
393 580
413 545
424 505
429 465
434 424
436 382
151 359
171 340
199 336
228 340
255 351
303 347
330 335
358 330
386 335
407 353
280 377
280 401
280 424
280 449
254 477
267 480
281 482
295 479
308 476
187 386
203 376
222 377
239 389
221 394
202 393
321 386
337 373
357 372
374 381
359 389
339 390
228 537
247 522
267 513
281 517
296 512
317 520
340 531
319 548
299 555
283 556
268 555
248 550
237 536
267 531
282 532
297 530
330 532
298 534
283 535
268 534
