116 382
122 427
131 470
142 512
157 553
181 589
212 619
249 644
290 650
331 641
367 614
398 582
421 545
433 503
440 459
446 415
449 369
147 367
170 352
199 351
229 356
257 364
299 362
328 352
359 345
389 345
414 359
279 384
279 412
280 441
280 470
250 488
265 493
282 497
298 492
314 486
184 388
202 382
221 381
238 390
220 392
201 392
324 387
340 376
359 375
378 380
361 386
342 387
229 548
246 535
267 527
283 531
300 526
323 531
343 542
325 568
303 581
285 584
267 582
247 571
240 549
267 542
284 543
300 540
333 544
301 555
285 558
268 556
