126 365
128 409
133 452
140 495
153 535
175 574
201 609
232 637
269 646
305 639
339 611
367 580
390 544
405 505
416 465
426 423
431 381
157 353
181 341
209 343
236 351
262 362
305 366
332 359
360 353
388 354
409 369
282 382
281 409
280 435
279 463
245 471
260 478
277 484
294 479
310 473
191 376
208 372
226 374
242 384
223 383
206 381
321 388
338 380
356 380
373 386
355 389
338 389
217 519
231 500
255 498
277 503
296 498
320 501
335 519
319 556
296 577
275 580
252 577
229 556
225 520
255 511
276 514
296 512
326 521
296 552
276 557
254 553
