133 377
135 418
139 459
146 500
160 540
183 575
211 609
246 636
286 645
327 635
365 608
396 575
420 539
433 499
438 456
442 414
443 372
155 354
173 337
200 336
227 341
253 351
306 350
333 339
362 333
391 336
411 352
279 376
279 401
278 426
278 452
250 473
265 477
280 481
296 477
312 473
188 380
206 372
225 373
243 386
224 388
204 386
322 384
339 371
358 369
377 377
361 384
341 385
212 516
237 510
264 506
282 510
300 506
330 509
361 512
332 545
302 562
283 565
263 562
236 547
222 519
264 519
282 521
300 519
351 516
301 540
283 543
264 541
