127 386
131 427
138 468
145 508
157 546
179 580
208 608
243 631
284 637
326 631
363 608
393 580
416 545
427 505
433 464
439 422
442 380
152 365
173 349
202 346
232 349
260 357
299 356
329 348
359 342
388 345
410 362
280 381
280 411
280 440
279 471
249 486
264 491
280 496
296 491
312 487
188 384
206 376
224 376
240 389
222 390
204 389
322 388
339 375
357 373
375 381
359 387
340 388
220 534
240 523
263 519
282 524
300 519
324 524
346 534
324 551
300 560
281 562
262 559
239 550
230 535
263 535
282 537
300 536
336 535
300 537
281 538
263 535
