127 380
131 423
140 466
149 508
163 549
183 588
210 621
244 647
282 655
320 646
355 621
383 587
404 549
417 508
427 466
435 423
440 379
154 346
174 328
202 326
230 332
255 345
309 343
335 331
364 325
393 330
412 349
281 379
281 406
280 432
280 459
254 482
266 487
280 490
294 487
307 483
187 380
204 367
226 368
242 388
223 393
201 391
322 388
339 369
361 367
378 381
364 392
341 393
228 547
244 528
265 519
280 522
295 519
317 529
335 546
318 578
297 592
280 595
263 592
243 578
238 548
265 534
280 535
295 534
325 547
295 568
280 570
264 568
