130 393
134 432
139 472
145 511
157 548
177 581
205 611
240 633
281 640
321 633
357 610
386 582
407 547
417 510
423 470
428 430
430 391
161 351
179 333
204 327
231 329
256 338
308 335
333 326
360 322
386 330
401 351
281 374
280 397
279 421
279 445
253 469
266 472
280 475
293 472
307 469
192 382
207 368
228 369
243 386
226 390
206 390
319 386
335 369
356 367
371 381
357 389
337 390
227 527
244 507
264 499
280 502
296 500
318 507
338 526
319 549
297 559
280 560
262 558
243 549
236 527
264 516
280 517
296 517
328 526
296 537
280 539
263 537
