109 392
116 440
123 487
131 532
147 575
173 613
208 644
251 666
299 669
347 657
387 630
421 597
444 555
454 509
457 461
457 415
459 366
122 370
145 344
182 339
218 345
254 356
305 350
338 334
371 324
407 326
433 347
280 380
282 412
284 445
286 479
251 496
269 501
288 505
307 497
325 489
163 393
182 380
207 380
229 394
206 399
182 401
333 386
354 369
377 367
398 376
381 386
357 389
211 546
240 536
269 529
291 531
313 525
342 526
370 534
347 571
319 590
295 595
272 595
241 582
222 548
270 539
292 540
314 535
359 537
317 565
294 571
271 570
