172 493
177 539
186 583
193 626
206 668
229 705
262 733
302 755
347 759
392 750
434 726
469 696
492 657
504 613
508 568
512 522
514 475
184 478
210 460
245 461
279 470
314 478
350 476
383 464
417 452
453 448
484 462
333 497
333 526
333 557
334 588
304 606
319 611
336 615
354 610
369 604
222 500
242 491
264 490
286 503
263 508
240 509
384 500
404 484
427 483
448 491
430 502
407 503
278 666
296 651
318 642
337 646
356 640
380 647
403 660
383 684
359 694
339 696
319 696
296 688
289 666
318 661
338 662
357 659
391 661
357 663
338 666
318 665
