119 386
123 430
130 472
136 514
148 555
169 591
202 617
242 636
286 641
330 635
370 614
403 586
424 549
435 508
439 465
443 421
445 375
133 364
157 343
190 341
223 348
256 359
300 357
332 344
364 335
398 336
423 354
279 383
280 412
280 441
280 472
252 492
267 496
282 500
297 496
311 490
169 388
188 377
211 377
232 392
210 398
186 398
328 389
348 373
371 371
390 381
374 393
350 393
221 547
243 534
265 526
282 531
298 525
321 532
345 543
324 562
302 570
284 572
265 571
243 565
232 547
265 543
283 544
299 542
335 543
300 542
283 544
265 544
