113 389
118 436
125 480
131 523
143 564
166 600
201 629
242 651
287 656
332 647
371 622
403 591
424 553
435 511
440 468
444 425
447 380
131 363
153 337
188 329
224 332
259 342
300 343
334 334
368 330
402 336
426 358
280 375
280 406
281 437
282 469
249 489
266 495
283 500
300 494
315 487
165 385
185 371
211 371
232 390
209 395
183 396
328 388
349 369
374 368
394 381
377 392
352 392
219 551
240 532
266 524
285 528
304 523
331 529
352 545
333 574
307 587
286 590
266 589
240 579
231 552
266 545
285 545
305 543
341 546
306 557
286 560
266 558
