108 377
113 424
121 469
127 513
140 556
163 595
197 627
239 649
282 653
325 644
362 619
392 586
410 547
420 505
424 463
430 420
433 375
131 352
153 325
187 317
222 323
254 337
305 333
335 319
366 312
398 319
418 343
279 376
280 406
281 437
283 468
252 490
266 495
282 499
296 495
309 489
164 385
183 370
210 370
230 390
208 398
181 398
323 387
344 366
369 364
388 378
373 392
347 393
223 555
242 535
265 525
281 529
298 524
321 533
339 550
323 579
301 590
282 593
263 592
241 583
235 554
265 548
281 549
299 546
328 551
299 557
281 560
264 559
