103 393
106 437
111 479
116 521
127 562
151 597
189 622
233 642
281 646
326 637
366 612
397 580
414 542
421 501
423 461
425 421
426 379
127 369
153 349
188 344
223 350
256 362
296 362
326 349
358 342
390 343
413 361
279 380
281 409
283 439
285 469
250 484
267 491
285 497
301 490
315 481
165 387
184 379
204 378
224 388
204 389
184 390
324 385
343 375
363 374
381 381
364 385
344 386
217 548
240 531
267 522
285 526
302 520
326 525
343 539
328 564
306 577
286 580
266 580
239 571
230 548
267 543
286 543
303 541
331 540
304 548
286 552
266 551
