118 400
124 443
133 485
140 525
151 564
172 597
206 623
248 642
294 646
338 637
381 615
414 585
434 547
442 506
444 463
447 421
448 376
131 377
152 350
186 341
222 341
258 347
295 344
329 334
364 331
398 339
422 360
277 375
279 407
281 439
283 472
251 490
267 496
285 500
302 493
317 486
168 393
187 382
209 380
230 390
209 395
188 397
327 385
348 372
369 372
388 381
371 387
350 387
223 553
244 534
269 526
288 529
308 523
334 528
355 540
337 561
312 572
291 576
270 576
245 570
234 552
269 546
288 546
309 544
345 542
310 543
289 547
270 547
