129 378
132 420
138 462
143 504
157 541
183 571
215 596
250 619
289 628
329 621
363 597
394 569
418 536
430 497
435 454
438 411
438 367
149 371
169 352
198 350
227 358
256 368
304 369
331 359
359 351
389 352
411 366
280 382
281 408
281 434
282 461
251 472
266 478
283 483
301 477
317 470
187 383
204 376
222 377
241 388
221 387
202 387
322 386
338 376
356 373
375 379
358 384
340 385
229 518
247 506
266 502
285 507
302 502
323 505
344 516
324 530
304 539
286 541
267 538
248 530
239 518
266 517
285 520
302 517
334 517
303 519
286 521
267 518
