125 403
130 447
137 489
146 530
162 568
187 600
219 626
254 645
294 650
333 642
367 619
397 590
419 556
431 517
437 476
441 434
444 390
156 379
174 359
202 349
232 349
262 355
293 357
323 350
355 347
384 353
407 370
280 380
280 404
280 427
280 453
254 478
267 481
282 483
298 479
312 473
188 392
205 381
225 379
243 390
225 394
205 395
321 387
338 375
357 375
376 385
358 389
338 389
236 547
248 520
267 507
284 510
300 505
322 516
339 540
324 562
305 575
288 578
270 577
251 567
246 545
268 527
285 526
300 525
328 539
302 552
287 554
270 553
