121 376
125 418
129 460
133 502
146 542
171 575
204 603
241 628
283 636
326 631
362 607
392 578
416 543
428 503
432 460
435 415
436 371
143 373
162 352
192 346
222 351
251 361
303 360
330 348
360 341
390 345
411 364
277 383
278 411
278 439
278 469
246 482
262 488
279 493
297 487
314 480
181 388
198 377
218 378
237 392
217 394
197 393
319 389
337 374
357 371
375 381
359 388
339 389
206 516
233 514
259 513
280 518
300 513
327 513
357 515
330 538
303 550
283 552
260 549
234 537
218 520
259 526
281 528
301 526
347 519
302 530
282 532
260 529
