123 384
129 431
138 476
147 520
164 561
188 597
219 627
254 651
291 658
328 649
361 623
389 590
411 552
426 510
434 465
439 418
442 370
149 351
164 329
192 323
219 329
246 342
310 341
336 327
364 318
393 323
411 344
278 381
279 409
279 437
279 467
254 490
267 495
282 498
297 493
310 488
182 387
199 372
222 372
242 391
221 397
197 397
319 388
337 369
360 367
379 379
363 391
340 393
235 559
249 537
269 526
284 529
299 525
320 534
339 553
323 581
302 593
286 595
269 594
249 583
245 558
269 544
285 544
299 542
328 554
300 568
285 570
269 569
