130 408
135 450
142 491
149 531
163 568
187 598
219 621
254 638
294 641
334 634
369 615
400 590
423 559
435 522
440 483
444 442
447 401
154 378
167 353
194 337
225 333
255 341
301 344
332 337
364 339
392 351
411 374
279 377
279 403
278 428
278 455
254 483
267 485
281 487
296 484
310 480
186 391
203 376
223 375
243 390
223 394
203 395
322 388
340 373
361 373
379 387
362 392
341 391
231 547
247 527
266 516
283 521
300 515
321 524
342 540
323 551
303 556
287 558
269 557
249 554
240 544
267 535
284 535
300 533
332 539
301 536
285 538
268 537
