119 381
124 426
132 471
141 515
159 555
188 588
222 616
258 638
296 644
333 635
365 609
394 577
418 541
431 499
437 455
440 409
441 363
145 376
165 359
195 355
224 362
254 371
299 369
326 357
355 347
385 348
408 362
278 387
279 415
280 443
280 472
253 489
267 494
284 498
300 492
315 485
184 390
201 382
221 382
240 392
220 395
200 396
319 387
335 375
355 373
374 379
357 386
338 388
236 543
255 536
273 531
288 534
301 529
322 531
345 535
325 552
306 562
292 564
276 564
258 557
244 544
274 542
289 542
303 540
336 537
303 542
290 545
275 543
