121 390
126 433
132 476
139 518
153 557
179 588
213 612
249 630
290 635
329 628
362 607
391 581
413 548
423 509
427 467
431 423
433 379
145 373
163 352
192 345
223 349
252 359
301 358
329 345
359 338
389 343
409 363
278 382
279 407
280 432
281 459
251 483
266 486
282 489
298 485
313 480
181 389
198 378
219 377
239 391
219 396
197 396
318 388
336 372
357 370
375 381
359 389
338 390
224 537
246 525
267 517
285 521
301 516
323 521
348 530
325 544
305 551
288 554
270 553
248 549
233 538
267 533
285 534
302 531
338 531
303 532
287 534
269 533
