132 370
132 412
132 454
135 496
147 536
167 572
195 605
228 634
270 645
315 639
355 613
389 582
414 545
430 506
436 463
441 420
443 376
145 348
164 325
195 322
226 328
254 344
311 350
340 337
372 332
404 336
426 359
282 379
280 413
278 447
276 481
240 484
257 493
276 502
297 495
317 487
178 378
196 368
217 370
239 386
215 389
194 388
328 389
349 374
370 373
389 384
371 393
349 393
199 517
228 519
255 520
276 525
296 522
324 522
354 523
325 556
296 569
275 570
252 567
225 551
209 521
254 526
276 530
296 528
344 526
296 551
276 553
254 549
