125 377
128 420
134 461
140 502
152 541
173 577
202 606
237 629
278 635
319 628
356 606
388 580
412 545
425 507
429 466
434 425
438 384
143 352
164 332
196 329
227 335
256 348
308 352
338 341
368 335
400 338
420 358
281 378
280 410
279 442
278 474
244 489
260 496
277 501
295 496
310 490
177 381
194 371
216 372
237 387
215 392
193 392
325 388
346 375
368 374
384 385
369 396
346 395
219 542
239 536
259 532
275 537
292 533
311 536
331 543
312 555
293 560
275 561
258 560
239 555
227 543
258 543
275 546
293 543
322 543
292 542
275 545
259 543
