133 380
136 420
139 459
141 499
151 539
171 574
199 604
233 629
276 638
319 631
355 607
386 580
409 547
421 509
425 467
430 426
434 385
153 363
174 346
204 342
235 342
265 349
301 353
331 346
363 345
393 348
415 367
282 376
280 407
278 438
275 471
241 481
258 488
276 495
295 489
312 483
183 379
202 368
222 369
241 384
220 387
200 386
325 386
345 372
366 371
384 382
367 391
345 390
208 525
229 519
254 517
275 521
295 518
321 521
345 529
322 556
296 568
275 570
253 566
229 553
217 527
254 526
275 529
295 527
335 532
296 549
275 551
254 548
