128 382
130 426
135 470
141 513
153 554
171 594
199 629
236 654
279 662
321 653
358 626
385 594
404 556
417 517
424 476
430 436
434 394
149 349
166 326
197 317
228 321
255 336
313 339
342 326
373 324
403 334
419 358
283 376
282 405
281 433
280 463
251 486
264 491
278 495
293 491
307 486
179 380
196 364
220 365
239 386
218 393
194 393
325 388
345 368
369 368
385 384
371 397
346 396
229 553
245 534
264 525
278 529
295 525
313 535
327 554
314 580
295 592
277 594
261 592
242 580
239 554
263 542
278 543
294 542
316 555
295 565
278 567
262 565
