127 380
131 424
135 466
139 507
151 545
169 583
199 613
235 639
280 645
325 638
362 615
393 587
415 552
428 514
435 472
438 429
443 383
146 375
166 356
198 354
230 359
261 367
300 366
332 358
364 353
396 354
418 371
281 384
280 414
279 446
278 478
237 480
255 490
277 497
299 490
318 481
179 385
198 378
216 378
235 385
217 387
198 387
327 386
347 378
366 378
384 385
366 388
347 388
216 544
230 521
255 515
277 519
301 514
326 521
341 543
326 567
302 578
277 580
253 578
230 567
226 542
254 526
276 527
300 525
330 542
301 556
277 559
254 556
