117 382
121 427
125 471
130 514
143 553
165 587
196 614
234 635
279 641
324 634
363 613
396 587
419 551
430 512
434 469
437 427
441 383
147 363
168 342
199 334
233 332
264 340
308 341
339 332
371 330
402 333
423 354
284 373
283 407
281 442
280 478
243 492
261 499
280 504
299 499
317 493
179 383
198 374
218 374
237 385
218 389
198 389
328 385
349 373
369 373
386 382
369 390
349 389
217 551
236 538
259 533
278 538
299 533
323 538
344 550
324 559
300 563
279 565
259 564
236 559
226 548
258 546
278 548
299 546
335 549
300 546
279 548
259 546
