115 356
119 404
123 448
128 492
141 532
164 570
194 601
230 627
276 634
322 627
358 601
388 573
411 537
425 498
431 456
436 413
441 368
135 353
162 337
196 340
229 350
259 362
305 364
337 356
368 349
400 346
425 361
283 381
282 414
281 448
280 483
234 485
254 495
277 503
300 496
319 487
172 372
192 365
214 367
234 380
212 383
190 382
326 383
347 371
369 370
388 379
370 388
348 387
215 541
233 529
255 523
275 529
296 524
316 529
332 542
316 554
296 561
275 563
254 561
232 553
225 541
255 538
274 541
295 538
322 541
296 538
275 542
256 539
