138 406
144 444
152 481
158 519
170 554
192 584
220 607
253 627
292 631
331 623
366 601
397 575
420 543
432 506
436 467
440 426
441 385
160 370
177 353
204 346
231 346
259 352
291 351
319 341
349 338
378 342
401 360
274 376
275 402
275 428
275 455
248 479
263 482
280 486
297 480
313 474
185 388
200 373
221 372
240 387
220 391
200 393
316 384
333 366
354 366
373 378
356 386
334 386
222 535
242 521
265 513
284 516
302 509
327 512
351 525
331 546
308 558
289 561
268 562
244 555
232 535
266 531
285 531
304 527
341 526
306 533
287 537
267 537
