127 391
130 434
136 475
141 516
153 554
177 586
207 612
241 631
280 637
318 632
352 613
381 589
404 559
418 522
425 482
432 441
437 399
154 364
174 343
204 336
236 339
266 351
303 353
333 343
366 341
396 351
413 375
283 379
282 406
281 433
280 461
249 485
264 488
280 492
296 490
311 487
185 383
202 373
223 373
243 387
222 390
201 390
321 390
340 378
361 379
379 390
361 396
340 394
219 539
239 529
260 524
279 529
298 523
319 529
339 540
319 555
299 562
279 564
259 562
238 554
227 539
260 539
279 541
298 539
330 540
299 538
279 541
260 539
