128 392
133 432
139 470
146 509
160 546
186 574
217 598
249 619
286 625
325 617
357 594
386 568
410 536
422 498
427 460
431 421
433 382
158 371
180 355
210 348
240 351
271 358
293 359
320 349
351 345
380 349
401 367
281 372
281 396
282 421
282 446
250 463
266 468
283 473
300 468
316 461
191 382
207 375
223 373
241 380
223 381
207 382
318 380
335 372
352 372
370 379
352 381
335 380
224 516
239 502
263 498
284 501
303 495
326 496
344 509
329 534
308 549
287 553
266 551
242 539
232 516
263 511
284 512
304 509
336 510
306 528
286 532
265 530
