128 376
131 422
138 466
147 508
162 548
186 583
215 611
247 634
285 640
324 633
359 612
390 585
414 551
429 511
438 469
445 423
448 378
152 368
174 351
206 350
237 355
268 363
295 365
327 358
360 351
393 354
418 371
280 384
280 416
279 447
279 480
248 498
263 503
280 507
298 503
314 497
182 381
200 370
222 371
243 389
220 392
198 391
322 390
341 373
364 373
383 384
365 393
342 394
221 550
241 539
262 534
282 540
301 534
323 538
344 548
324 562
302 568
282 570
262 569
240 563
230 549
262 548
282 551
301 548
335 547
301 546
282 549
262 547
