126 395
129 437
135 479
140 519
152 557
175 589
204 614
239 634
280 640
321 635
359 617
391 593
416 562
430 524
437 484
443 441
448 397
153 368
172 345
201 334
234 332
266 336
305 336
338 331
370 332
400 345
418 369
281 372
281 401
280 430
279 460
247 486
263 489
280 493
298 489
315 485
182 383
200 371
222 371
243 385
222 389
200 389
322 387
342 372
364 373
383 385
364 392
342 391
217 542
239 528
261 521
281 525
301 520
323 525
346 540
324 549
302 554
281 556
261 555
239 552
226 540
261 536
281 537
301 535
337 538
301 533
281 535
262 534
