133 396
137 439
145 481
154 523
169 563
191 599
218 630
248 654
285 662
321 654
354 629
383 598
404 562
418 521
427 479
433 436
436 391
156 358
170 333
199 324
228 329
256 342
303 342
332 329
363 324
393 334
410 360
279 378
279 404
278 432
278 459
251 486
265 490
281 492
296 489
310 484
185 384
201 368
224 369
244 388
223 394
199 394
318 389
337 369
361 369
379 384
363 395
338 395
230 553
244 534
266 524
283 527
300 522
322 530
337 551
324 585
303 599
284 602
265 600
244 587
240 554
266 542
283 542
300 540
327 552
301 571
283 574
266 572
