134 383
136 426
141 467
147 509
160 548
184 583
211 613
242 640
281 648
319 641
353 615
384 585
411 552
426 512
434 471
440 427
442 383
153 373
169 348
199 339
230 341
260 352
304 351
333 340
365 337
396 347
415 371
281 379
281 409
280 438
280 468
246 482
263 488
281 494
300 488
319 481
185 382
203 372
223 373
243 387
222 389
201 388
322 388
341 374
361 374
380 384
362 391
341 390
209 522
233 519
260 517
282 521
304 515
331 515
357 521
333 554
307 573
283 576
259 574
232 557
218 526
260 529
282 531
304 528
347 524
306 548
283 552
260 548
