121 382
127 426
134 468
139 508
148 548
168 581
198 608
235 626
279 632
324 629
362 611
394 584
418 550
431 511
440 470
448 427
456 382
147 369
171 352
203 349
235 355
266 366
308 363
339 355
370 348
403 348
428 364
286 380
286 404
285 429
285 455
248 471
264 477
282 482
302 478
319 473
184 382
203 374
223 375
242 388
222 388
201 387
329 389
349 376
370 375
389 383
371 389
350 389
215 535
232 512
258 505
280 511
303 506
327 515
343 538
325 561
301 570
278 571
255 568
230 557
224 535
257 520
280 522
302 521
332 537
301 549
279 550
256 547
