115 411
120 452
127 492
132 531
143 567
164 597
195 619
234 633
277 637
321 635
361 621
394 598
417 566
429 529
438 490
446 449
452 407
145 366
166 344
196 334
229 331
261 338
308 336
340 329
372 328
402 337
424 358
283 375
282 398
281 422
280 447
252 482
266 484
281 485
296 484
311 483
180 388
198 374
221 373
241 390
220 394
197 395
324 389
344 372
367 371
386 385
368 393
345 393
217 550
239 529
263 518
281 523
299 518
322 529
343 553
321 561
298 565
280 565
261 564
238 558
228 547
262 539
281 540
298 540
332 551
298 540
281 541
262 539
