117 402
121 444
127 485
132 524
142 561
163 592
194 616
233 633
277 638
322 634
363 619
395 594
418 562
430 523
438 483
445 440
451 396
136 365
158 345
189 337
222 340
252 351
306 350
337 338
370 334
402 338
427 357
281 379
281 401
280 424
279 448
248 482
264 485
279 487
296 486
311 484
176 388
195 375
218 375
239 392
218 396
194 396
323 391
344 374
367 373
387 386
369 395
345 395
210 541
237 526
262 517
279 522
297 517
324 529
349 545
323 558
297 562
278 562
259 561
235 554
222 541
262 537
279 538
297 538
337 545
296 538
278 538
261 537
