106 421
107 469
112 516
122 561
140 604
164 644
196 678
232 704
275 712
318 702
354 676
383 640
403 598
420 556
434 511
444 463
448 416
134 355
154 328
185 319
217 325
247 339
314 335
343 320
373 311
405 315
427 338
281 378
281 402
280 425
280 450
250 487
264 491
279 494
295 491
309 486
173 389
192 369
219 369
238 393
217 399
191 399
323 391
344 367
371 365
388 385
373 396
346 397
222 584
236 542
262 524
279 526
295 523
322 542
333 586
322 631
297 653
278 655
259 653
234 630
233 584
263 546
279 544
295 545
322 586
295 627
278 629
261 627
