124 400
129 443
136 487
142 529
153 570
173 605
202 636
239 657
281 662
325 654
362 632
392 601
414 564
427 524
435 481
442 438
449 393
150 361
170 342
199 333
231 332
261 339
313 338
343 331
373 327
401 331
422 348
284 376
284 399
283 423
282 448
250 475
266 479
281 483
298 479
314 475
183 386
202 370
225 371
244 390
224 394
200 394
324 388
344 368
368 366
386 380
371 391
347 392
218 548
234 519
260 509
280 513
301 509
327 519
342 550
327 583
301 599
279 602
257 599
232 582
227 548
260 526
280 526
301 526
333 550
300 575
279 577
259 574
