121 392
123 433
126 474
131 515
143 554
166 587
198 615
234 636
277 643
319 637
357 617
391 589
417 557
431 517
439 477
445 435
450 393
144 357
165 338
195 333
226 338
256 349
315 348
344 337
375 332
406 336
427 356
286 379
285 404
284 428
283 454
246 476
264 480
283 486
301 481
320 477
181 384
200 373
223 374
243 390
221 393
198 391
327 391
347 375
369 374
390 385
371 392
348 394
195 523
226 512
259 508
283 512
305 508
336 513
366 526
335 552
304 565
281 567
257 564
224 551
206 526
259 519
282 520
304 519
355 528
304 547
281 549
258 547
