110 388
115 431
122 472
127 512
137 553
159 587
190 615
228 637
272 644
317 639
358 619
392 591
417 556
429 516
438 474
447 431
454 387
140 367
164 351
197 349
230 356
262 367
305 366
335 356
366 347
399 347
425 363
281 385
280 409
279 433
278 458
249 489
263 492
278 494
294 492
309 489
176 386
195 375
218 375
237 391
216 395
193 395
324 391
343 375
367 373
386 385
369 395
345 395
219 553
241 542
263 534
279 539
293 535
314 543
336 556
314 571
292 577
276 578
260 576
239 568
229 553
262 551
278 553
292 552
326 556
291 554
277 555
262 552
