120 400
125 442
132 483
138 524
148 565
169 600
201 627
241 644
287 647
332 640
373 620
408 594
431 560
439 518
443 477
448 437
451 396
144 356
159 329
185 315
216 312
245 322
319 318
350 312
379 316
404 330
417 354
283 374
284 402
284 429
285 457
252 484
269 487
285 491
301 487
315 481
179 387
196 372
221 372
241 391
220 399
194 399
322 388
342 368
367 367
384 383
369 394
344 395
223 548
244 529
267 521
283 524
301 520
322 527
341 543
324 558
303 567
284 570
267 570
244 563
235 548
268 539
284 539
301 538
330 543
301 546
284 548
268 548
