112 408
118 451
127 492
134 535
146 576
168 612
201 641
242 659
288 663
332 653
372 631
404 601
424 566
433 524
437 482
441 441
444 399
141 349
154 319
181 303
211 302
238 316
320 313
346 299
376 299
401 315
412 343
280 370
282 396
283 421
285 447
252 478
268 482
284 485
299 481
313 475
175 387
192 371
217 371
238 389
216 398
191 399
318 386
338 366
363 365
379 381
365 393
340 393
226 553
244 526
267 517
282 520
298 516
320 525
338 549
321 573
300 583
283 585
266 584
244 576
238 552
267 534
282 533
298 533
327 548
299 561
282 562
267 562
