126 405
131 446
139 485
146 524
155 563
177 592
210 614
247 629
291 631
335 624
375 606
411 584
437 554
449 515
454 473
455 431
455 388
146 376
165 355
194 345
225 341
256 346
302 344
331 334
364 334
394 340
418 357
280 376
281 404
282 433
284 462
248 481
265 486
285 490
304 484
322 476
183 389
200 378
221 376
242 387
221 391
201 393
323 381
341 367
362 366
382 375
364 381
343 382
220 533
239 517
263 510
285 514
305 507
330 509
353 523
332 535
309 545
288 549
266 549
242 544
230 532
264 527
286 527
306 523
343 524
307 526
287 530
265 529
