118 397
123 441
130 483
134 526
144 570
168 608
202 641
244 664
292 669
339 657
380 630
415 597
439 558
448 513
450 467
452 426
454 383
140 368
156 342
185 331
216 331
245 341
319 336
348 324
378 323
406 333
423 356
284 376
285 405
287 433
289 462
248 480
268 485
288 491
307 483
325 477
178 388
197 378
218 379
238 390
218 394
197 393
327 386
346 372
366 370
386 378
369 384
349 387
195 528
227 517
260 515
285 518
311 512
342 511
373 519
344 553
314 572
287 577
261 576
226 562
205 531
261 525
286 527
311 522
362 523
312 555
285 561
260 559
