112 381
118 427
128 472
136 516
149 561
173 598
208 628
249 648
295 651
340 642
382 618
419 588
445 551
457 506
462 460
467 414
469 367
133 365
158 348
191 349
223 355
255 365
307 360
338 347
371 338
405 336
434 349
282 386
283 416
285 446
286 477
251 497
268 502
286 507
304 501
321 494
173 388
193 375
217 375
239 393
216 400
191 399
328 387
347 367
372 365
393 377
375 390
351 392
216 555
240 545
264 539
285 544
304 537
328 540
355 546
330 563
306 573
286 576
265 575
240 569
226 555
264 553
285 555
305 551
344 548
305 552
285 556
265 554
