114 419
120 458
127 496
132 534
140 573
162 605
197 628
237 641
285 643
332 638
374 622
413 601
438 570
447 530
452 490
456 450
459 410
140 370
157 345
184 330
216 321
248 326
309 324
341 319
374 327
400 340
419 363
279 370
281 397
282 424
284 452
250 483
266 486
283 489
300 484
315 479
174 391
193 375
217 374
238 390
217 397
193 399
322 385
343 369
367 369
385 384
368 392
344 392
217 545
241 527
267 518
285 521
304 515
328 521
349 537
328 547
306 554
286 557
268 558
242 555
229 544
267 535
285 535
304 532
337 537
304 534
286 537
268 537
