114 407
119 448
126 487
131 528
139 569
161 601
197 624
240 638
288 640
335 633
376 616
412 593
436 561
444 519
446 478
450 438
453 397
138 366
154 341
184 331
216 332
247 341
311 337
342 327
373 326
402 335
420 356
282 374
283 399
285 424
286 450
253 478
269 482
285 485
299 481
314 477
175 389
193 376
216 376
237 390
216 398
192 399
323 386
343 370
366 369
384 381
369 391
346 392
218 541
243 525
266 517
283 522
300 516
322 523
346 536
322 544
300 548
283 550
266 550
243 549
229 540
267 533
283 534
300 531
336 536
299 531
283 534
266 533
