128 364
132 409
139 451
144 494
155 535
178 571
211 600
248 621
292 628
337 622
376 601
409 573
431 537
441 495
448 452
453 407
456 361
143 363
164 346
196 346
227 355
257 367
301 367
334 357
367 350
400 350
426 367
280 380
281 408
282 436
282 465
246 476
264 484
283 490
303 484
321 476
182 379
200 375
219 376
238 385
217 386
198 384
330 386
349 378
368 378
389 382
370 386
350 387
218 534
239 523
263 520
286 525
309 520
335 523
359 534
336 553
310 558
287 559
263 557
240 551
228 535
263 533
286 535
309 533
349 535
309 539
286 540
263 538
