127 366
133 411
142 454
149 497
159 540
181 578
210 613
244 640
285 648
330 643
371 619
406 587
432 547
446 502
454 456
461 408
466 359
144 365
165 350
196 354
226 363
257 371
295 370
329 362
363 353
398 351
427 366
276 384
276 415
275 446
274 478
245 490
259 498
276 503
295 499
313 493
183 380
200 375
220 376
239 386
218 388
199 387
327 387
346 378
366 377
387 383
368 390
347 390
227 552
241 542
260 538
279 545
298 540
321 546
345 556
321 574
297 581
277 581
258 578
240 568
236 552
260 549
279 553
297 551
334 556
297 560
278 560
259 557
