119 381
125 425
134 468
143 511
154 553
177 591
210 622
247 646
293 653
340 646
381 622
415 591
439 552
450 507
456 462
461 415
464 368
138 363
160 345
192 345
224 352
257 360
295 359
329 348
362 339
398 338
426 356
277 381
278 407
278 433
279 460
250 486
265 490
282 493
299 489
316 485
175 384
193 373
216 374
236 389
214 395
192 394
328 387
346 371
369 370
390 379
372 390
349 391
224 550
241 536
263 529
284 535
304 529
329 536
353 549
332 572
307 581
285 583
264 581
242 571
234 551
264 545
284 548
305 545
342 550
305 556
284 558
264 556
