114 372
118 416
125 460
131 503
140 544
162 581
196 611
236 634
284 640
332 636
374 616
408 588
432 551
443 509
451 466
459 421
464 376
136 347
157 327
189 326
220 333
252 345
306 344
341 334
375 328
408 334
432 356
281 377
281 405
281 432
280 461
249 485
264 490
280 494
297 491
313 488
177 381
195 371
218 373
236 387
216 393
193 392
330 390
350 376
373 376
392 386
375 397
352 397
215 541
238 533
261 531
280 538
301 534
325 539
351 548
325 562
299 567
278 567
258 564
236 557
224 543
260 543
280 546
301 545
340 548
299 545
279 547
259 543
