119 365
122 409
126 451
129 494
140 536
165 573
198 606
238 634
286 642
334 634
377 609
413 577
438 539
449 497
452 454
455 411
458 368
135 354
155 333
185 328
217 333
248 344
307 342
342 333
375 329
408 335
431 356
280 373
280 403
280 433
280 464
240 474
260 481
281 488
302 481
323 475
175 380
195 376
215 377
234 386
214 387
194 386
331 385
350 377
370 376
391 380
372 386
352 388
186 507
221 506
254 509
282 515
312 510
348 507
383 511
349 548
312 565
282 567
253 564
218 546
197 512
254 521
282 526
312 522
372 515
312 545
282 549
253 545
