133 373
138 414
143 454
147 494
155 533
176 567
206 596
241 620
286 627
332 624
373 604
407 576
431 542
442 502
449 461
455 419
459 377
150 356
167 333
195 326
225 326
254 337
304 339
338 333
373 334
405 344
427 366
283 376
282 406
281 436
280 466
249 482
265 488
281 494
300 489
318 485
188 381
205 375
224 376
243 386
223 390
203 389
332 389
350 380
371 380
389 387
372 394
351 394
212 521
238 524
264 524
284 529
303 526
331 527
362 526
332 550
304 557
283 558
262 555
237 544
222 526
263 534
284 538
304 536
350 530
304 535
283 537
263 533
