116 370
121 416
130 462
137 506
148 549
171 588
202 622
240 649
284 656
330 652
371 628
405 596
430 557
443 512
451 466
460 419
466 371
135 339
155 316
187 313
218 321
249 335
310 329
345 316
379 310
413 318
433 344
282 376
282 407
282 439
281 471
251 493
265 499
281 504
298 500
314 496
174 379
193 368
217 371
236 388
215 394
190 392
331 389
351 372
375 370
394 382
379 395
354 396
216 553
238 543
260 540
280 547
303 542
329 549
354 559
329 579
303 586
280 586
258 583
236 573
226 555
260 555
280 558
303 557
342 560
303 563
280 564
259 560
