71 420
72 473
77 526
88 576
109 623
140 664
181 697
227 720
275 728
320 717
358 687
387 646
406 600
415 551
424 504
433 456
435 407
123 345
140 311
175 296
212 297
247 313
315 317
344 301
377 297
409 311
423 344
280 371
281 403
284 434
286 467
247 494
264 499
281 504
299 501
315 495
162 384
182 366
208 367
230 388
207 395
181 394
320 390
342 369
369 367
385 386
369 397
343 397
211 584
228 543
259 529
282 532
304 530
331 542
346 579
331 623
303 640
280 642
254 641
225 625
221 582
258 542
281 543
302 544
335 578
303 616
280 619
256 618
