103 415
110 458
119 499
127 540
140 581
167 616
202 644
242 667
289 673
335 665
373 639
404 608
425 572
434 529
440 487
447 447
451 406
126 371
143 340
176 324
212 324
248 335
305 337
340 323
377 321
411 335
431 363
280 373
281 402
282 430
283 460
248 484
266 488
283 493
299 489
315 485
169 390
188 376
210 375
231 388
211 395
188 396
326 387
347 373
370 373
388 385
371 393
348 393
203 542
230 526
259 520
280 524
301 520
330 526
358 538
330 562
303 572
281 574
259 573
230 564
212 541
259 531
280 533
301 531
348 539
302 554
280 557
259 555
