116 410
127 455
143 499
154 541
167 583
191 621
223 653
262 677
306 682
349 670
386 640
414 603
431 562
437 517
443 473
449 430
452 385
130 374
146 344
179 331
214 332
248 343
302 342
335 326
371 320
406 330
428 356
278 379
280 408
282 437
284 468
258 496
272 499
286 502
300 498
313 495
171 392
187 375
212 373
233 391
213 400
188 402
326 386
345 365
370 363
389 379
373 391
348 392
239 575
251 550
271 537
287 541
304 536
328 548
346 568
331 596
310 608
290 611
273 610
252 599
249 573
272 556
288 556
305 555
333 568
306 580
289 583
272 582
