107 419
117 460
129 500
139 539
154 578
179 611
214 637
254 657
300 660
345 652
381 626
409 594
428 559
435 518
439 478
444 439
447 399
128 373
145 342
177 327
213 326
248 337
305 335
339 320
375 316
408 330
426 358
280 372
282 400
284 428
286 457
257 487
273 489
288 492
301 489
314 485
171 391
189 375
213 374
233 389
213 397
189 399
323 384
345 366
369 364
387 379
371 390
347 390
225 551
249 537
271 529
287 533
304 528
326 534
351 541
327 553
307 559
290 561
273 561
251 559
234 549
272 543
288 544
304 541
341 542
305 540
288 543
272 542
