107 404
115 449
127 492
136 535
148 576
173 612
208 639
250 658
294 660
339 652
377 627
407 596
426 559
431 517
436 476
444 435
450 393
131 371
153 344
187 334
224 336
259 349
298 348
332 334
370 329
406 338
428 364
282 376
283 406
285 437
286 470
256 498
271 499
286 502
300 500
312 497
174 389
192 375
213 374
234 387
215 393
192 395
326 386
347 371
370 370
388 383
371 391
348 391
225 561
246 545
267 535
285 540
302 536
324 544
345 556
325 565
304 568
286 570
268 570
246 567
233 558
268 549
285 550
303 548
336 555
303 546
285 548
268 547
