105 388
113 433
125 479
133 522
146 565
171 604
208 633
249 655
292 660
334 651
368 623
396 591
413 552
420 510
426 469
437 428
443 386
128 363
153 341
188 336
223 342
256 354
300 356
333 343
368 335
403 340
427 361
282 382
284 413
285 445
287 478
256 498
271 503
286 507
300 504
313 499
170 384
189 371
212 372
233 389
212 393
188 393
325 388
346 370
369 369
388 382
371 390
348 392
229 562
249 548
270 540
286 545
302 540
323 549
342 560
326 581
305 590
287 592
270 590
249 580
240 562
270 553
286 555
303 553
331 560
303 567
286 569
270 568
