116 387
122 432
131 477
136 520
147 563
170 601
201 632
238 659
280 666
324 659
360 631
388 598
407 559
415 517
421 475
429 434
435 391
141 366
161 344
193 338
226 344
255 357
296 359
327 347
360 341
393 348
414 368
279 380
279 407
279 435
279 465
251 482
264 488
278 493
293 490
305 486
179 384
196 376
215 376
234 385
216 389
196 389
320 387
340 378
360 378
377 387
361 393
341 392
229 551
241 526
258 518
275 523
292 521
312 533
327 556
311 572
292 577
274 577
256 574
241 566
239 548
258 531
275 534
292 534
316 553
291 555
274 556
257 552
