123 368
126 412
131 454
137 497
147 540
169 578
199 613
235 639
279 649
325 642
365 617
400 585
426 548
440 506
447 463
453 420
458 376
146 356
163 333
194 325
225 328
255 339
314 341
344 332
376 332
405 342
425 364
283 373
282 406
281 438
281 471
247 483
263 490
281 497
300 491
317 485
184 380
203 373
222 374
242 384
221 387
201 386
326 387
345 378
365 379
385 386
366 391
346 391
210 522
239 524
264 523
283 527
301 523
327 524
359 523
328 551
300 562
281 564
262 561
237 549
221 526
264 531
282 534
300 532
348 527
300 544
282 547
263 543
