104 384
110 433
123 481
135 526
150 569
175 609
210 638
249 660
292 663
332 654
369 629
401 597
423 556
435 510
442 464
450 418
453 370
133 372
161 355
195 351
230 354
264 361
297 360
328 351
361 346
393 348
420 362
280 382
281 416
283 450
285 485
251 502
268 509
287 514
304 507
320 499
171 389
192 379
215 379
235 392
214 397
191 398
323 389
343 374
365 373
386 382
367 391
345 392
230 565
252 552
272 543
290 547
307 541
327 546
347 556
329 572
310 581
292 584
274 584
253 578
241 565
273 559
290 559
308 556
337 557
308 559
291 562
274 562
