112 379
117 424
127 471
137 515
150 559
173 599
204 632
241 656
285 662
328 654
367 629
403 597
428 557
441 511
448 466
455 419
459 373
139 361
159 338
192 329
226 331
258 341
308 342
338 331
371 328
402 336
423 357
280 371
281 406
281 440
282 475
249 493
265 500
283 505
301 499
316 491
177 382
197 372
218 372
239 384
218 388
196 389
324 383
345 371
366 371
385 380
367 388
346 388
226 557
248 542
269 534
285 538
302 532
324 538
344 551
325 567
304 577
287 580
270 579
248 571
237 557
269 553
285 553
303 551
334 552
304 554
286 557
270 555
