107 393
112 439
121 485
133 530
148 575
172 615
203 650
241 674
283 680
324 671
359 644
389 610
411 570
424 526
433 480
439 436
440 392
142 340
157 313
185 299
216 300
244 311
318 312
343 301
371 299
396 312
409 337
280 366
281 395
283 424
285 453
252 481
267 487
285 491
300 486
314 479
176 384
194 371
217 371
238 384
217 393
193 394
318 384
338 369
361 369
378 382
362 392
339 392
228 559
248 535
272 523
287 526
302 521
324 530
339 553
325 583
304 598
288 601
271 601
247 589
239 559
272 543
287 541
302 540
329 554
303 572
287 576
272 575
