117 381
122 426
131 470
140 513
153 555
175 592
206 623
244 645
287 649
328 641
365 617
396 587
418 550
429 509
436 467
443 425
447 380
143 369
164 347
195 340
228 343
260 352
305 354
334 344
366 342
396 349
416 369
279 375
279 407
280 439
280 473
246 483
262 492
281 497
300 491
317 481
180 383
199 377
218 377
238 383
217 384
199 384
323 384
343 378
361 378
380 384
360 385
342 384
224 540
244 526
264 520
284 524
302 518
323 521
344 533
324 548
304 559
285 563
265 562
244 555
234 541
264 538
284 538
302 535
334 533
303 537
285 541
265 540
