115 387
121 431
130 473
141 515
156 555
178 590
210 619
246 638
287 643
328 636
366 615
399 587
423 550
435 507
442 463
447 419
448 375
140 366
158 342
189 332
222 333
253 343
303 341
332 329
364 327
394 336
414 358
277 374
278 404
279 434
281 465
248 486
264 491
282 495
298 491
314 486
177 386
196 376
216 375
237 386
216 392
195 393
319 385
338 373
359 372
378 382
360 390
339 390
222 543
245 533
266 526
282 530
297 526
319 532
345 539
320 552
299 559
284 561
267 560
246 554
231 543
266 540
283 542
297 540
336 540
298 540
283 543
267 541
