125 394
129 435
136 475
146 516
159 556
179 591
208 619
243 640
284 645
325 638
362 617
394 588
416 552
427 511
434 469
439 428
441 386
150 363
167 341
197 330
228 330
259 337
304 338
331 325
362 323
391 333
409 356
277 372
278 399
279 426
279 454
250 478
265 483
281 487
296 483
311 477
180 385
198 370
220 369
239 386
219 393
196 393
317 385
336 366
359 366
376 381
360 391
336 391
227 542
246 527
267 518
282 521
296 516
319 523
340 538
320 555
299 564
284 566
268 565
247 558
238 542
267 536
282 536
297 534
330 538
298 543
283 545
268 544
