132 385
135 427
141 469
147 510
158 552
177 591
204 624
239 650
283 657
327 650
365 626
395 594
417 556
430 515
437 473
443 429
446 385
160 352
177 335
202 333
227 340
249 352
310 350
333 338
360 333
387 338
406 355
280 378
280 407
280 435
279 465
250 481
264 487
280 491
297 486
313 479
186 382
202 367
224 369
243 388
222 393
200 392
322 387
341 369
363 367
379 381
365 392
342 392
229 547
242 523
264 514
283 518
302 513
325 519
343 541
326 568
304 581
284 584
263 583
242 572
238 547
264 530
283 530
302 529
333 542
303 557
284 559
264 558
