132 382
135 424
142 466
150 508
161 550
180 590
208 624
242 651
284 659
327 653
365 627
395 594
416 554
430 512
439 470
446 425
450 381
157 347
174 330
200 326
225 333
247 345
313 342
338 330
366 326
392 332
411 349
281 382
281 412
280 443
279 474
254 493
266 499
280 503
295 499
308 494
186 384
202 370
225 372
244 392
223 398
200 397
322 391
341 372
365 370
381 385
367 397
343 398
232 555
247 541
265 535
281 540
298 535
318 542
337 556
319 578
299 587
281 588
264 586
246 576
242 555
264 551
281 553
298 551
326 556
298 560
281 562
265 559
