129 380
133 423
140 464
147 505
159 546
179 584
208 615
243 638
284 646
326 639
364 616
395 587
418 550
431 508
439 466
446 423
451 378
155 361
176 347
202 345
229 350
252 363
307 358
332 346
360 343
388 347
410 361
280 382
279 411
279 440
278 469
252 489
265 494
279 497
294 494
308 489
187 385
203 375
223 376
242 390
223 394
202 394
322 389
340 375
361 374
378 384
363 393
341 393
227 546
246 535
264 530
280 534
296 530
316 535
338 545
317 559
298 565
281 567
265 565
247 559
236 546
264 542
280 544
296 542
329 545
297 544
281 546
265 544
