134 379
137 422
143 465
147 506
156 548
175 586
202 617
237 642
279 650
322 646
362 623
394 594
418 558
432 516
440 474
447 430
452 384
159 365
177 346
204 340
232 344
257 354
308 351
336 342
365 341
393 349
412 369
282 380
281 412
280 445
279 478
249 490
263 497
280 502
298 497
314 491
189 383
206 372
225 373
244 387
224 389
205 389
325 388
344 375
363 375
380 386
363 392
344 391
228 546
243 531
263 525
282 530
302 525
322 530
339 545
322 559
302 567
282 568
262 567
244 559
238 545
262 541
282 543
302 541
330 544
302 545
283 546
263 544
