132 371
135 415
143 458
151 501
164 542
185 582
212 619
245 649
286 659
329 651
365 623
395 587
419 546
433 503
441 458
447 412
450 365
158 370
178 359
204 360
230 366
256 375
302 373
328 363
357 358
385 359
410 371
280 389
279 423
279 456
278 491
247 492
262 502
280 509
299 502
316 493
186 382
203 374
222 376
240 389
220 390
201 389
324 389
342 376
362 374
380 383
363 389
343 389
233 547
244 530
263 524
283 528
302 523
324 529
339 547
326 575
305 591
284 594
263 590
244 575
242 548
264 539
283 540
302 538
329 548
303 564
284 567
264 563
