134 384
137 426
143 468
148 509
159 549
178 586
205 617
238 640
279 649
322 644
360 624
393 595
417 558
432 516
440 474
447 429
451 382
158 373
176 356
204 354
232 361
258 371
306 368
332 358
362 352
392 356
414 372
283 383
282 414
281 445
280 476
247 483
263 491
281 497
300 491
317 484
189 385
206 375
224 376
243 389
223 390
205 389
326 389
344 376
364 376
380 385
364 390
345 390
230 544
243 522
263 515
284 520
305 515
327 523
341 547
326 563
305 570
283 571
261 569
242 561
239 543
262 529
283 531
305 529
332 544
305 549
283 550
262 548
