134 377
137 421
141 463
148 506
161 547
183 585
211 621
245 648
285 658
326 650
363 624
394 589
418 551
432 510
440 466
444 421
446 374
157 360
174 343
200 341
226 348
248 361
313 355
337 342
364 335
391 339
410 358
281 385
281 418
280 450
279 483
247 488
263 496
281 503
299 496
316 489
187 384
205 373
225 375
244 391
223 394
202 392
322 391
342 374
363 371
381 383
365 392
344 393
211 522
235 520
262 523
282 527
303 523
333 521
364 520
335 561
305 578
283 581
261 577
234 559
219 525
261 530
282 533
303 530
356 524
304 561
283 564
262 560
