121 402
126 443
134 484
140 524
151 564
174 597
206 621
244 638
285 642
323 636
357 617
385 592
402 558
410 519
414 480
420 439
422 399
157 368
174 348
200 338
231 335
258 342
301 343
326 335
355 336
380 347
395 368
280 380
281 409
282 438
283 468
251 492
266 495
282 499
297 496
312 492
185 386
202 374
221 375
239 390
220 393
201 393
316 391
333 376
353 375
368 387
353 394
334 394
230 550
249 537
267 529
284 533
299 529
317 536
335 550
318 557
301 560
285 561
268 560
250 556
239 548
267 542
284 544
299 542
327 548
300 543
285 544
268 543
