129 399
133 438
138 476
142 516
154 555
176 587
206 613
243 631
285 638
326 632
360 612
388 585
407 552
417 513
419 473
422 435
421 397
159 357
177 341
203 336
229 339
253 349
308 349
331 339
356 335
381 339
397 357
281 380
282 405
283 430
284 456
249 476
266 479
283 484
299 480
315 475
188 381
203 368
224 370
241 388
222 391
201 390
318 388
334 370
354 367
370 381
356 389
336 390
210 523
236 513
262 510
282 512
300 509
326 513
351 522
328 549
303 558
283 560
263 558
235 550
218 525
263 519
282 520
301 519
343 525
302 545
283 546
263 545
