133 385
136 427
144 470
152 513
164 554
187 590
217 619
250 641
287 649
324 642
357 620
386 592
407 555
419 513
426 472
433 428
436 386
166 368
186 357
213 356
240 361
265 369
305 371
329 362
356 358
383 359
404 370
284 389
285 416
285 443
286 472
256 493
270 497
285 501
300 499
314 495
197 383
213 378
230 379
245 389
228 392
211 390
324 390
339 380
357 379
374 384
358 391
340 392
240 558
256 547
272 539
284 543
295 540
311 547
329 558
311 567
296 570
284 571
271 570
256 566
247 556
272 552
284 553
295 553
321 557
295 553
284 554
272 553
