129 388
134 429
141 470
148 509
161 546
184 578
214 603
250 621
290 625
328 618
359 597
386 570
404 537
413 499
418 460
422 421
423 380
161 369
181 356
207 354
234 358
258 368
298 368
322 357
348 353
375 355
394 368
280 384
281 409
282 436
284 463
251 475
267 481
284 486
300 481
314 475
190 383
206 376
223 377
240 387
222 389
205 388
317 387
333 376
350 375
366 382
351 387
334 388
230 537
247 517
267 509
285 513
303 508
322 515
335 532
323 545
306 552
287 554
268 553
248 548
239 534
267 522
285 523
303 522
326 530
304 532
286 534
268 533
