123 408
128 452
135 497
144 541
159 584
179 623
208 659
243 684
282 693
321 684
355 656
382 620
400 580
413 538
421 494
426 449
427 405
155 353
170 330
195 319
223 318
248 329
310 330
334 318
362 319
386 331
399 355
279 376
280 401
280 427
281 454
252 486
266 489
280 492
294 489
307 486
184 385
200 369
222 369
239 388
220 394
198 394
316 389
333 370
356 370
371 386
356 395
334 395
231 571
244 543
265 530
280 533
293 530
314 543
326 571
315 607
295 623
280 625
264 623
243 607
239 570
266 546
280 545
293 546
317 571
294 599
280 601
265 599
