135 405
141 445
147 484
152 523
161 562
180 594
209 618
244 635
285 642
326 637
363 621
393 597
412 566
422 527
428 488
433 447
436 406
164 356
179 337
203 329
231 327
256 335
304 336
331 330
359 332
384 342
401 361
281 375
281 401
281 428
282 455
251 480
266 483
282 487
297 484
313 481
190 382
205 367
226 368
244 387
225 391
204 391
320 389
337 371
358 370
374 385
359 394
338 393
229 543
247 524
267 514
283 517
299 514
321 525
341 546
322 561
301 564
284 565
268 563
248 558
239 543
267 529
283 529
299 530
331 545
300 547
284 547
268 546
