128 414
134 453
142 492
149 530
162 566
186 595
218 616
255 630
295 632
333 626
364 609
390 585
407 554
414 517
417 478
420 439
420 401
158 376
176 359
201 352
230 351
256 359
303 358
325 347
351 346
374 350
392 365
281 384
283 407
285 430
287 455
257 484
272 486
287 488
301 485
314 481
187 392
203 381
222 380
240 394
221 397
203 398
317 390
333 376
351 374
367 384
353 391
334 392
235 544
254 530
273 521
288 524
302 519
320 526
339 538
322 546
306 550
291 552
276 552
257 550
244 542
274 534
289 535
303 533
332 538
304 534
290 536
275 535
