131 398
132 439
136 479
142 517
154 554
177 585
207 608
243 625
282 630
321 624
355 606
384 582
406 551
416 513
421 474
426 434
429 393
158 377
177 357
207 352
237 357
265 367
302 367
328 357
357 351
385 355
404 374
283 379
283 403
282 427
282 454
246 469
263 473
282 478
301 472
318 466
192 385
209 378
225 377
242 385
225 384
208 385
321 384
338 377
354 377
370 383
353 384
337 383
224 531
238 508
260 499
282 504
303 498
325 505
340 527
325 546
305 557
284 560
261 557
240 548
233 529
260 516
282 517
302 515
331 526
304 537
283 539
262 537
