133 376
136 420
143 463
151 504
164 544
188 581
218 612
251 636
287 643
324 635
359 610
389 579
412 541
425 500
431 458
436 414
438 371
156 372
179 358
208 358
237 365
266 373
302 374
330 364
358 355
388 353
413 366
283 384
283 412
282 440
281 469
250 485
266 490
283 495
301 490
318 484
194 384
211 378
228 379
245 387
227 389
209 388
323 386
339 377
357 375
375 380
359 385
341 386
226 540
244 533
264 531
284 536
303 531
324 534
345 540
326 563
304 573
285 575
264 572
244 562
235 541
264 541
284 544
303 542
336 541
303 550
285 552
265 549
