131 396
133 437
138 477
143 517
154 555
176 589
206 616
242 635
282 641
321 635
356 614
385 587
406 554
416 517
422 478
427 438
430 397
161 373
178 353
204 341
233 338
263 343
306 342
335 338
364 341
390 351
406 372
283 377
283 405
282 433
282 462
250 483
265 488
282 492
299 487
315 482
193 387
209 376
228 375
246 387
227 389
209 390
322 386
338 374
357 374
373 385
357 388
339 388
219 541
237 524
259 519
282 524
304 518
326 521
345 537
327 552
306 563
283 566
260 564
237 555
229 540
260 536
282 538
304 535
335 537
305 538
283 542
260 539
