128 398
130 437
135 475
140 513
149 551
167 586
196 614
232 634
274 641
316 636
354 618
386 592
407 559
418 521
423 482
429 443
432 404
153 368
172 348
201 341
230 344
258 355
310 356
338 346
367 341
394 349
411 370
283 380
282 403
281 426
279 450
251 479
265 483
279 486
294 483
308 480
190 388
206 376
226 376
245 390
225 394
205 395
322 390
340 377
360 376
376 389
361 396
340 395
220 541
238 525
259 518
278 524
297 519
317 526
337 541
318 555
298 562
278 564
258 562
238 555
229 541
259 537
278 539
297 538
327 541
297 539
278 541
259 539
