128 397
129 440
134 483
142 526
156 567
177 607
203 641
237 667
274 676
311 669
346 644
374 611
396 574
412 533
421 491
427 448
430 404
155 346
170 322
198 311
228 315
256 328
312 329
339 317
367 314
394 325
409 350
281 372
280 397
279 422
278 447
253 479
265 483
279 487
292 484
305 480
189 382
205 366
228 365
246 384
226 391
203 391
318 385
336 367
359 366
375 383
360 393
337 392
227 560
240 533
262 521
278 526
294 521
315 534
327 563
315 596
294 611
277 613
259 610
238 594
238 559
262 542
278 542
293 542
317 562
294 583
278 585
261 582
