133 409
135 449
138 488
142 527
153 564
173 596
201 622
237 640
279 647
320 642
357 624
387 599
408 567
419 529
425 490
429 451
432 411
165 368
182 347
209 336
238 333
267 337
305 338
335 336
363 339
388 350
404 371
285 372
284 398
283 423
282 450
249 473
265 477
282 481
300 478
316 473
193 383
209 370
229 369
248 384
228 387
208 388
322 385
339 371
360 371
376 385
359 389
340 388
224 542
240 518
262 509
282 514
302 510
324 518
341 541
324 559
303 567
282 569
261 567
240 559
233 540
262 526
282 528
301 527
331 540
302 545
282 547
262 545
