132 400
132 438
134 476
139 515
150 554
173 587
203 617
239 638
279 647
319 639
355 616
387 586
410 552
421 513
426 472
428 433
428 396
152 372
170 351
199 342
229 344
257 354
313 356
340 346
368 342
395 349
411 370
284 379
284 403
283 428
283 454
247 470
264 476
283 482
302 476
319 470
189 386
206 377
226 377
244 388
225 389
206 389
322 388
340 378
359 377
376 387
360 390
341 390
198 510
226 502
257 502
282 507
306 502
336 505
363 514
335 543
306 558
281 560
255 557
225 541
208 514
257 513
282 516
306 514
353 517
306 539
281 542
256 538
