132 391
136 431
144 470
152 509
165 546
186 579
215 609
249 632
290 638
332 630
369 606
400 577
422 542
434 503
441 462
445 421
447 379
162 361
181 345
206 340
233 338
261 343
297 345
326 338
355 337
383 341
405 356
280 375
281 402
282 429
282 456
255 479
269 484
284 488
299 483
313 478
189 386
204 373
225 373
243 387
224 393
203 394
322 384
340 368
361 367
379 378
363 387
341 388
232 539
246 523
265 516
283 520
300 516
321 522
338 536
321 555
302 564
284 567
265 565
246 556
242 538
265 530
283 531
300 529
327 537
301 540
283 543
265 541
