107 373
110 416
117 459
125 502
138 543
161 579
193 608
231 633
275 639
318 633
355 610
387 580
410 543
423 502
432 460
439 417
443 374
144 352
167 335
198 333
228 338
256 349
303 349
332 338
362 334
392 337
414 355
282 378
282 408
283 438
283 469
252 490
267 495
282 499
297 496
310 492
178 381
196 372
218 374
237 389
216 394
194 393
322 388
342 374
364 372
382 383
366 393
343 394
215 543
238 537
261 532
279 537
295 532
314 537
336 543
315 558
295 565
278 567
260 566
238 559
224 545
260 543
278 545
295 543
326 544
295 545
278 547
261 545
