108 383
113 427
120 469
129 510
142 550
166 584
199 610
237 630
281 634
323 627
360 606
391 579
414 545
425 506
432 464
439 422
443 379
148 352
169 332
199 323
231 322
260 331
302 332
331 324
363 324
392 333
411 352
282 371
282 403
283 434
284 466
252 490
267 494
283 498
299 494
313 489
181 383
199 376
219 376
239 385
219 391
198 391
323 384
343 374
363 373
380 381
364 389
343 389
217 549
241 537
263 531
282 535
299 530
319 535
339 546
319 556
300 560
282 562
263 562
240 559
226 547
263 542
282 543
299 541
330 545
299 541
282 544
263 543
