111 376
116 419
122 460
131 501
147 540
172 575
203 606
240 631
284 637
327 628
363 601
393 567
417 531
430 491
437 448
440 406
442 363
146 354
167 337
196 332
225 333
253 342
306 339
332 327
361 323
389 326
409 343
280 374
281 404
282 435
283 466
247 478
265 484
283 489
301 482
318 475
182 386
199 382
217 381
237 385
217 389
199 390
322 380
340 375
357 374
376 377
359 381
341 382
206 517
231 512
259 510
282 513
304 508
330 507
357 508
333 543
307 560
284 565
260 563
231 549
214 520
259 519
283 520
304 516
347 513
306 539
284 544
260 542
