108 396
113 444
123 493
136 539
155 584
178 627
209 666
246 695
289 702
329 691
362 657
388 614
406 567
420 518
429 470
435 421
435 373
144 355
162 331
191 325
221 329
249 340
299 335
326 320
355 313
384 317
402 338
277 374
279 401
282 428
284 456
256 488
271 491
285 492
299 489
310 484
175 389
192 373
216 374
235 391
215 399
191 400
317 384
337 365
360 362
376 376
363 388
340 390
235 582
246 545
269 528
284 531
300 527
324 541
334 575
326 620
305 641
286 645
268 643
245 625
244 580
270 546
285 545
301 544
325 575
302 611
285 615
268 614
