121 354
122 400
128 446
135 491
146 536
167 578
195 614
230 644
274 653
319 648
358 623
391 591
417 552
433 508
445 463
456 415
462 366
151 357
177 346
208 348
239 353
266 366
306 367
335 358
367 356
399 358
424 372
285 384
284 418
282 453
280 488
241 488
259 499
280 508
302 502
322 494
185 375
204 374
223 376
242 383
221 382
203 380
332 387
351 382
370 383
390 387
370 388
351 388
214 538
228 521
253 519
278 527
303 523
328 529
346 549
327 580
301 593
275 594
248 589
225 571
222 538
252 531
277 536
302 535
337 549
301 567
276 569
250 564
