132 367
136 409
143 451
152 492
164 531
186 568
212 600
245 626
286 633
328 623
363 597
394 566
419 529
433 488
441 446
446 401
449 357
160 362
181 352
206 352
232 357
256 366
301 366
325 354
353 348
380 346
406 355
278 378
278 405
278 432
277 461
247 470
261 479
279 484
298 478
314 470
191 380
208 377
224 377
241 381
223 382
207 383
321 378
337 373
354 372
373 374
355 377
338 378
232 532
244 515
261 508
279 513
297 509
315 514
330 530
315 550
298 559
280 561
261 559
245 550
241 531
262 523
280 524
297 523
320 530
297 536
280 539
261 536
