120 402
127 445
137 487
147 528
159 566
180 600
212 626
249 644
291 649
333 642
371 622
403 596
423 562
433 522
440 480
447 437
452 393
141 367
162 348
193 344
224 347
256 356
303 353
333 340
365 333
397 336
422 354
279 380
279 409
279 437
278 467
252 492
266 496
281 499
297 495
311 490
179 391
197 379
218 378
239 393
217 398
196 399
326 389
345 373
366 371
385 382
369 391
346 392
225 554
246 542
267 533
283 537
298 531
321 539
347 549
324 560
302 566
285 568
269 567
248 564
234 553
267 547
283 549
299 546
337 549
300 546
284 549
268 547
