118 396
124 439
135 481
143 521
155 560
176 596
207 624
245 645
287 651
331 644
371 622
403 594
424 557
434 516
441 472
449 428
453 382
139 370
162 351
194 346
228 345
262 352
301 346
333 335
367 331
399 336
424 353
280 378
280 408
280 439
280 471
252 496
266 500
281 502
297 499
311 495
177 389
196 377
218 376
239 391
218 396
195 397
325 386
346 369
368 367
387 379
371 389
348 390
225 556
245 542
265 534
282 539
300 534
323 541
349 552
324 562
301 567
283 568
266 567
245 564
233 554
265 548
282 549
300 547
339 552
300 547
282 549
265 548
