116 396
121 439
129 480
135 522
149 560
171 595
202 624
241 647
286 653
334 646
374 621
406 590
428 553
438 512
443 469
448 427
452 384
134 366
156 344
187 337
221 339
255 349
306 347
338 333
371 326
405 332
427 355
280 376
279 406
279 436
278 468
245 487
262 493
280 498
298 492
316 486
175 389
195 379
216 379
237 391
216 393
194 394
325 387
345 373
366 372
386 380
368 387
347 388
195 526
228 526
257 526
279 529
302 525
333 524
369 523
335 546
304 558
281 560
258 559
228 549
207 530
258 538
280 540
302 537
357 528
303 538
280 542
258 540
