117 391
123 436
132 478
140 519
150 558
169 593
197 622
235 642
281 647
328 642
367 621
396 592
416 556
425 516
432 476
440 433
445 389
141 373
164 354
197 352
229 357
262 364
301 364
331 355
362 349
394 350
418 367
281 381
281 411
282 441
282 472
243 481
261 488
281 494
302 488
321 479
178 387
196 376
216 377
238 389
216 391
196 391
325 387
344 374
365 373
384 383
366 388
345 388
218 532
238 515
259 511
282 516
303 511
324 513
344 531
325 541
304 548
283 551
260 548
238 541
228 530
259 525
282 527
303 525
334 529
304 529
282 532
260 529
