116 394
123 438
132 481
141 523
153 563
176 598
208 627
245 649
287 655
331 649
370 627
403 598
426 561
437 519
444 476
452 430
456 385
142 372
167 357
199 357
231 362
264 370
300 369
331 358
364 349
398 348
426 363
281 387
281 418
281 449
281 481
251 502
266 506
283 510
300 506
315 502
178 391
197 380
219 380
240 395
218 400
196 400
327 392
347 376
369 374
389 383
372 393
349 395
219 554
244 546
266 540
284 544
300 540
323 545
349 552
324 565
302 571
284 573
266 571
244 566
229 554
266 553
284 555
301 553
339 553
300 551
284 554
266 551
