120 408
127 452
137 493
146 534
156 574
174 610
204 640
240 662
285 669
332 663
372 639
403 609
424 571
434 530
441 486
448 443
453 397
146 371
167 350
198 342
231 340
265 346
304 344
335 332
368 329
400 337
423 359
282 376
282 405
281 434
280 464
254 491
268 496
283 499
299 494
313 488
180 391
197 374
220 373
241 391
220 397
197 399
329 387
348 367
372 365
390 381
373 391
349 391
227 563
247 543
269 532
286 535
302 530
325 538
346 558
327 573
305 582
288 584
270 583
248 577
238 561
269 551
286 551
303 549
335 557
303 558
287 560
270 559
