120 400
127 444
137 488
145 531
156 573
175 612
205 646
243 672
288 680
332 671
370 645
398 612
417 572
429 530
438 485
446 440
453 394
139 359
157 333
190 325
223 328
256 339
307 333
339 318
372 312
406 321
427 347
280 375
280 403
280 432
279 460
253 489
266 493
281 496
296 493
309 489
175 387
192 370
217 370
238 390
217 397
192 399
325 385
345 363
370 362
388 378
373 390
347 391
230 567
245 543
267 530
282 534
299 530
322 542
341 564
324 592
302 604
283 606
266 604
244 592
241 566
267 550
283 550
299 550
329 565
300 577
283 578
267 577
