136 394
137 434
142 472
146 511
154 550
170 585
196 614
230 635
273 643
316 639
353 621
384 597
407 566
420 530
431 490
440 450
447 409
157 342
173 320
201 314
229 316
257 326
314 330
342 321
371 320
398 331
414 355
282 368
281 391
279 413
277 436
250 466
263 469
277 472
291 470
304 467
190 377
205 364
227 365
245 381
225 387
204 387
321 384
341 371
362 371
377 385
362 393
340 392
222 533
240 508
260 497
275 501
290 497
310 508
328 534
309 545
290 550
274 552
258 551
239 546
234 530
260 515
275 515
290 515
317 531
290 530
275 531
259 531
