132 384
137 430
145 474
155 517
168 561
188 602
214 639
246 667
283 676
320 669
354 642
382 608
406 567
420 523
430 478
440 429
445 379
156 343
172 324
198 318
224 322
249 332
312 332
337 319
366 313
394 318
413 338
280 375
280 401
281 425
281 451
257 481
268 484
281 485
294 483
306 481
185 384
202 373
223 373
241 387
221 394
200 394
321 386
340 372
362 371
378 382
363 393
341 393
235 562
245 529
264 514
280 517
295 514
316 529
331 563
318 597
297 611
280 613
263 611
244 597
245 560
265 530
280 530
294 531
320 561
295 585
280 587
264 585
