122 392
127 433
135 473
143 514
157 553
179 589
209 618
244 641
283 647
322 639
354 615
382 585
403 549
416 510
423 468
430 425
435 383
150 359
170 345
196 344
222 346
248 354
305 353
330 342
357 337
384 337
404 352
279 382
280 407
282 432
283 458
256 483
269 486
283 488
296 486
308 481
180 389
197 379
217 378
235 391
216 397
196 398
319 388
336 373
357 373
374 382
359 392
338 392
227 546
246 530
266 520
280 524
294 519
314 528
335 539
315 554
297 561
283 563
267 562
248 558
237 545
266 537
281 538
294 537
325 540
295 539
282 541
267 541
