139 404
144 442
151 481
160 520
172 559
191 594
219 624
252 648
291 656
331 648
365 624
396 595
419 560
433 519
440 476
446 432
450 388
154 361
169 344
193 339
219 340
244 348
305 346
331 333
360 325
389 328
410 347
275 378
276 401
276 424
277 448
253 477
266 479
280 482
294 478
308 474
184 387
201 376
221 375
238 389
220 395
199 395
320 386
337 370
358 369
376 379
360 388
339 389
220 533
241 520
264 512
281 515
299 510
326 515
355 524
329 554
304 566
285 569
266 568
242 559
230 535
264 521
282 521
299 519
344 527
301 548
284 550
266 549
