144 382
150 425
160 465
169 504
180 542
199 577
224 607
255 631
292 637
330 629
364 606
394 579
417 545
431 506
439 464
445 420
448 376
160 366
180 354
205 355
231 360
255 369
301 366
327 356
355 348
384 346
409 358
280 380
280 407
281 433
282 461
251 472
266 478
284 481
301 477
317 471
190 384
207 378
225 378
242 386
224 388
207 388
324 384
341 375
359 375
377 381
359 385
342 385
240 529
252 510
270 501
285 505
300 499
320 507
336 524
321 542
303 553
287 556
271 555
254 546
250 528
270 520
285 520
300 518
325 523
301 527
286 530
271 528
