134 387
140 430
149 472
158 514
172 554
194 590
222 619
255 642
293 648
330 638
362 614
389 584
410 547
423 507
430 464
436 419
439 375
157 367
178 355
205 354
231 358
257 366
294 364
320 353
349 346
379 346
403 359
279 382
280 408
281 434
282 462
255 482
269 487
284 490
298 486
312 481
187 384
204 375
223 375
240 388
222 392
203 393
320 385
336 372
356 370
373 379
358 388
338 389
235 546
253 532
271 525
285 528
300 524
318 529
339 540
320 559
302 566
287 568
272 568
254 562
245 545
271 535
286 536
300 534
330 540
301 549
286 552
272 551
