133 414
137 452
144 489
150 527
161 563
180 593
208 616
242 631
284 634
326 631
363 616
394 595
415 565
427 528
435 488
442 448
446 407
158 360
175 341
201 333
230 330
258 336
305 334
333 324
363 321
392 329
411 351
281 369
282 389
282 409
281 431
256 464
268 465
281 467
295 465
308 463
189 387
204 376
224 374
242 385
224 392
204 393
321 383
340 371
360 371
377 382
360 389
340 388
231 530
248 506
265 494
279 496
293 493
313 503
332 525
313 531
296 534
281 536
266 536
249 535
242 526
265 511
280 510
294 510
322 522
295 513
280 515
266 515
