146 388
147 428
151 466
154 503
161 539
175 573
197 600
227 623
266 632
308 628
344 609
373 585
395 555
409 521
417 484
425 446
429 408
169 361
187 342
214 338
241 344
266 354
307 357
334 349
362 347
389 355
406 376
286 379
284 409
283 438
281 468
248 473
262 482
279 490
297 485
312 478
201 381
216 371
234 372
249 385
232 387
215 386
322 392
339 382
357 382
371 394
356 398
338 396
223 525
240 511
260 505
277 511
295 507
312 515
327 530
309 541
291 547
273 548
255 545
237 538
231 524
258 520
276 524
294 523
318 529
292 525
274 527
257 524
