140 381
142 421
147 461
151 499
160 536
179 570
205 598
237 620
275 628
313 623
346 602
372 577
391 545
403 511
410 475
417 437
420 398
169 360
188 344
215 342
240 348
265 358
304 359
329 351
356 348
382 355
398 375
285 383
285 413
285 444
285 476
255 488
268 495
282 500
296 497
308 492
199 382
214 371
232 372
247 387
230 390
212 389
320 392
336 379
354 379
368 392
354 397
336 396
224 538
242 526
262 521
279 528
296 524
314 531
330 541
313 556
294 563
276 564
258 561
240 552
232 538
261 537
278 541
295 539
322 541
295 539
277 541
260 538
