142 398
144 437
149 474
153 511
162 546
178 577
203 603
233 623
273 631
314 626
349 608
377 585
396 555
406 523
412 487
418 451
422 413
171 361
189 344
213 335
239 333
264 341
302 342
328 336
355 341
379 355
393 376
282 377
282 407
282 438
282 469
253 485
266 492
280 497
294 493
307 488
199 382
214 370
232 371
247 386
231 388
212 388
318 391
335 378
353 379
367 393
353 397
334 396
222 540
241 528
262 521
278 527
295 522
314 530
331 544
313 554
294 559
276 560
258 557
239 551
230 539
261 537
278 540
295 539
323 542
294 538
277 539
260 537
