135 389
138 430
143 470
148 509
159 545
177 579
204 606
236 626
273 635
312 630
346 611
375 586
395 554
408 519
416 482
423 442
427 402
165 368
187 353
214 352
241 359
268 366
296 366
324 360
353 356
381 361
400 378
282 383
283 413
283 442
283 473
254 486
267 492
281 497
296 493
309 488
195 383
210 373
229 374
245 389
227 391
209 391
320 392
336 379
355 379
371 391
356 397
337 396
230 532
247 523
264 521
279 526
292 523
308 527
325 537
307 547
291 552
276 552
261 550
245 543
238 531
264 531
278 535
292 533
317 535
291 533
277 535
263 532
