137 407
140 448
146 488
153 526
163 562
181 596
207 624
239 644
275 653
312 647
344 628
370 603
388 572
402 539
412 502
421 463
425 422
171 349
188 329
214 321
240 322
265 332
308 335
334 327
362 328
388 340
402 363
286 373
287 399
287 425
287 452
257 475
270 481
284 485
296 482
308 479
195 380
211 365
232 366
247 384
230 388
209 388
321 388
338 371
359 372
375 388
359 395
338 394
230 551
245 524
267 511
281 516
294 512
313 526
324 555
312 579
293 590
278 591
262 589
242 577
241 549
266 530
280 530
294 531
312 552
293 562
279 564
264 562
