139 385
140 425
142 464
146 504
157 541
177 578
202 610
233 636
272 646
310 639
343 615
368 585
389 552
402 517
410 479
414 441
416 403
164 363
182 345
209 339
236 343
262 353
303 356
329 347
356 346
383 355
398 376
283 382
282 412
281 441
281 472
246 477
261 486
279 494
296 488
311 481
197 380
212 372
229 373
245 387
227 388
210 386
317 392
334 380
351 380
366 392
351 396
334 395
204 515
226 507
254 507
276 513
297 510
323 513
345 523
322 553
295 567
273 569
249 565
223 547
210 517
253 517
275 522
296 520
337 524
295 551
273 554
251 549
