139 398
139 440
143 482
150 523
162 563
181 601
206 634
238 658
276 667
314 659
346 636
372 605
391 569
405 530
414 491
421 450
422 409
170 347
185 325
211 318
237 325
259 338
306 338
329 327
356 324
381 334
393 358
283 377
283 404
283 430
283 458
253 479
266 485
281 490
296 487
309 482
196 381
210 367
231 368
247 386
229 390
209 390
317 389
334 372
354 372
368 388
355 395
334 394
229 553
243 527
266 515
279 520
294 517
315 531
326 558
314 589
293 603
277 605
261 602
240 587
238 553
266 532
279 533
293 534
316 557
293 578
277 580
263 578
