126 405
127 444
130 482
134 522
145 561
169 592
202 618
239 639
281 646
324 639
366 618
403 592
430 560
443 521
448 479
451 439
452 398
144 378
161 355
190 345
222 343
252 351
311 347
342 335
376 335
406 345
425 369
281 377
280 402
278 426
277 452
242 473
260 479
279 485
299 479
317 474
184 388
203 380
222 378
243 389
222 391
202 392
324 387
346 375
366 374
385 382
367 388
346 388
202 519
233 515
260 512
279 517
297 514
325 518
359 522
325 538
297 545
278 546
258 544
232 536
213 521
259 525
279 527
298 526
347 524
297 526
278 527
258 525
