126 379
130 424
137 470
143 515
155 559
178 598
209 632
244 662
285 671
326 662
364 633
397 598
422 560
435 515
442 469
446 422
450 377
146 346
166 325
196 324
226 329
253 341
311 339
341 331
371 325
402 328
422 348
282 379
282 408
281 437
280 468
248 487
264 494
281 498
299 494
315 489
182 378
202 364
226 366
246 388
224 394
198 392
323 389
343 367
368 364
388 377
372 392
346 395
224 552
241 534
263 526
280 531
299 527
321 535
340 554
322 581
300 595
280 598
262 595
240 580
233 553
264 540
280 542
299 540
329 555
299 572
280 575
262 572
