127 363
130 410
136 457
143 504
155 549
178 590
206 627
237 660
280 672
325 664
364 635
399 601
429 562
446 516
455 468
462 419
466 370
146 343
168 328
199 333
227 344
253 359
317 362
346 352
377 343
409 339
435 352
283 387
281 416
279 445
278 476
243 485
260 492
279 498
300 494
320 489
185 376
204 371
225 375
245 389
222 389
201 385
331 393
351 381
372 380
394 384
375 393
353 394
220 536
235 519
259 515
280 522
302 518
328 524
347 544
327 580
301 598
278 600
255 595
232 573
228 537
258 526
280 530
301 529
337 545
300 574
279 576
257 571
