127 390
130 432
136 475
141 518
152 559
175 592
207 617
245 637
289 643
334 637
374 616
410 589
437 554
448 512
454 469
459 424
461 379
151 374
170 354
199 346
231 342
259 348
308 344
338 334
372 333
405 340
426 362
282 380
281 412
280 444
278 477
245 491
263 497
281 501
302 496
320 490
185 389
205 379
225 379
246 393
224 395
203 394
326 389
347 373
368 371
389 380
371 387
349 388
218 540
239 526
260 520
282 525
304 519
328 524
354 536
330 545
306 550
284 552
262 550
240 546
228 538
260 535
283 536
305 534
344 536
305 533
284 535
261 533
