129 403
131 443
136 482
142 521
152 562
172 595
201 622
236 642
276 649
319 644
361 626
400 604
428 572
444 532
452 490
458 448
462 406
155 369
173 350
201 343
231 344
258 354
308 351
337 340
370 338
401 346
423 367
279 380
277 403
274 425
271 448
243 478
258 483
274 486
291 483
308 479
188 387
207 376
229 374
248 389
227 394
206 395
323 388
344 374
366 374
385 386
367 394
344 393
222 547
242 533
261 524
275 529
288 525
309 534
334 548
308 556
287 559
274 560
259 558
242 555
232 545
260 539
274 541
288 540
324 547
287 541
274 542
260 540
