131 401
134 442
139 483
145 524
156 563
178 594
209 615
245 629
287 633
330 629
371 613
407 591
434 560
446 521
451 479
455 437
456 395
151 371
167 348
196 339
229 338
258 349
313 350
342 336
376 331
408 339
428 363
283 377
282 404
281 431
280 458
244 475
262 480
282 485
302 481
322 475
187 385
204 374
225 374
246 388
224 391
203 391
327 387
348 371
370 369
389 380
371 387
349 388
224 534
243 513
262 506
281 511
299 506
320 512
341 532
319 533
299 534
282 535
263 534
243 533
233 530
263 519
282 521
300 519
331 529
299 519
281 520
262 519
