124 401
128 445
136 489
143 532
157 575
178 613
208 646
244 672
285 679
327 670
366 645
400 614
424 577
438 534
446 490
452 445
454 400
146 356
163 332
192 324
223 329
251 342
318 337
346 323
378 319
409 328
427 353
283 377
282 399
280 422
279 446
251 479
265 483
280 486
296 483
312 478
185 385
203 371
227 371
247 389
225 396
201 396
325 388
346 369
370 368
389 382
372 393
347 394
228 560
244 535
266 522
281 526
296 522
318 535
337 560
319 584
298 595
281 597
264 595
243 584
238 559
266 539
281 539
296 539
326 559
296 572
281 574
266 572
