147 361
153 405
163 447
173 487
186 527
205 564
227 598
254 625
289 633
325 623
354 596
380 562
399 524
411 483
420 442
430 399
434 353
156 362
179 351
207 354
234 362
258 373
304 374
329 363
357 357
384 355
408 364
283 388
284 420
284 452
285 485
251 483
267 494
286 501
305 493
322 483
191 378
208 374
226 376
244 387
225 387
206 385
324 388
341 379
359 378
377 382
360 387
342 388
238 532
253 519
271 515
288 520
305 514
324 517
339 530
326 558
307 573
289 576
270 574
252 560
249 532
271 526
288 528
305 526
329 530
306 551
289 554
271 551
