139 369
144 411
154 451
164 491
177 529
198 565
224 596
256 620
294 624
329 614
356 589
379 558
395 523
405 485
412 446
419 405
421 362
158 365
180 352
206 351
232 357
256 367
301 366
325 355
350 348
376 348
398 358
280 382
281 411
283 440
285 470
253 476
268 483
285 488
302 482
316 473
189 384
205 379
223 378
241 385
223 387
206 388
321 384
338 376
354 376
371 380
355 384
338 384
235 526
250 510
268 504
287 507
306 501
325 505
341 519
328 539
310 549
291 552
271 551
252 544
246 526
269 519
288 519
307 516
331 519
308 526
290 530
271 528
