129 386
135 428
145 467
153 506
165 543
184 578
214 604
248 624
287 628
325 619
356 597
381 570
396 535
405 499
411 462
418 423
422 383
158 367
176 351
203 343
231 344
257 353
296 351
322 341
351 340
378 347
397 364
279 380
280 409
281 439
282 469
252 487
267 492
283 496
299 492
313 486
186 387
202 377
220 376
238 387
220 391
202 392
318 387
335 374
354 374
370 384
354 390
335 389
229 544
247 530
267 521
284 525
299 520
319 527
337 541
320 551
301 557
285 559
268 558
248 554
238 542
267 538
284 539
299 537
328 539
300 538
285 539
268 538
