139 377
142 417
149 455
155 494
167 531
187 566
214 596
246 620
284 629
321 620
352 595
377 566
394 533
405 498
411 461
417 423
419 385
161 349
178 330
203 322
228 325
250 338
316 338
337 327
362 325
386 334
400 354
283 375
283 404
283 433
283 463
251 476
267 482
284 487
300 482
316 476
191 381
207 373
225 373
244 384
225 386
206 386
320 386
339 375
357 375
373 384
357 388
338 387
214 507
241 506
265 505
284 510
301 506
324 507
349 510
325 537
302 550
283 552
263 550
239 536
223 510
265 516
284 519
301 517
340 512
301 532
283 534
264 531
