139 388
141 428
147 467
154 506
166 543
185 578
212 606
245 629
283 637
322 631
356 609
384 581
402 545
411 506
418 466
425 426
427 384
156 353
175 337
201 334
226 337
250 347
312 347
337 336
364 333
391 338
411 355
282 379
282 409
283 438
283 468
254 487
268 492
284 496
300 493
315 487
186 383
202 372
222 371
241 385
222 389
202 390
322 386
341 372
361 371
378 382
362 389
341 389
229 539
249 531
269 526
284 531
298 526
319 532
341 539
321 557
300 564
285 566
269 564
249 555
239 540
269 540
284 542
299 540
330 540
299 543
285 544
270 541
