134 388
137 427
145 465
153 504
164 541
183 576
211 605
245 627
285 634
323 627
356 603
381 572
398 536
407 498
412 459
418 420
419 381
159 359
177 342
201 335
227 332
252 338
306 338
329 330
356 330
380 337
397 354
279 378
280 408
281 438
282 469
251 487
266 493
283 498
299 493
314 486
186 385
202 373
221 372
240 387
221 390
201 391
317 387
335 372
354 371
370 383
355 389
335 389
215 532
239 526
265 523
283 527
299 522
324 525
348 529
326 554
302 564
284 567
265 565
239 555
224 534
265 540
283 542
300 540
338 532
301 543
284 545
265 543
