139 398
141 438
149 476
158 514
171 552
190 588
217 619
249 642
287 649
325 641
355 617
379 585
395 548
406 510
414 469
421 430
423 390
155 356
176 341
204 339
232 341
256 352
304 351
329 340
358 338
385 342
405 357
281 382
282 410
283 439
284 468
255 488
269 493
285 498
300 493
314 488
185 383
202 369
223 370
241 387
222 392
200 392
321 387
338 370
360 369
377 382
361 392
340 392
233 546
249 533
270 526
285 531
299 526
320 534
338 545
321 570
301 581
285 583
268 581
248 570
242 547
270 542
285 543
300 542
328 546
300 555
284 557
269 555
