137 394
145 434
153 473
161 512
172 549
190 583
218 612
254 632
299 636
342 630
375 606
399 574
413 538
420 499
425 459
429 419
430 378
162 352
176 330
201 323
227 323
255 328
304 324
330 315
356 313
381 319
398 338
282 368
283 391
284 415
285 440
260 472
273 474
288 475
302 472
315 468
191 386
206 372
228 370
246 386
228 395
205 397
319 382
334 364
357 362
372 375
359 388
337 389
239 544
254 522
277 511
291 513
306 508
330 518
348 538
334 560
312 568
296 570
280 570
256 564
251 543
277 531
292 530
307 529
337 538
309 544
294 545
279 546
