137 398
143 438
150 479
159 520
170 560
186 598
210 632
244 656
287 663
332 657
367 632
393 597
410 557
419 516
426 474
432 430
435 386
158 350
174 330
200 327
225 333
251 342
299 338
326 327
353 320
380 324
400 344
277 374
278 393
278 414
277 435
255 468
267 471
280 472
294 470
307 467
188 387
202 371
224 370
242 387
223 397
201 397
317 383
333 365
356 364
372 378
358 390
336 391
235 552
244 519
266 504
281 507
296 503
321 517
335 549
324 584
301 598
283 600
266 599
244 585
245 551
267 525
282 523
297 524
325 549
298 571
282 572
266 571
