114 380
122 424
130 467
137 508
148 548
169 585
199 613
237 633
282 638
324 630
358 606
384 574
399 536
407 495
411 455
418 414
423 371
147 361
169 345
198 341
226 345
253 353
299 352
325 343
350 339
376 339
397 352
278 378
279 403
280 427
282 452
251 478
266 481
281 484
295 480
308 476
183 388
200 381
218 380
236 388
219 394
199 395
313 385
329 374
348 374
364 381
350 389
331 389
226 539
244 526
265 518
281 522
298 517
319 525
338 536
321 556
300 564
282 567
265 565
244 557
236 539
265 537
282 538
298 536
328 537
298 539
281 541
265 539
