105 357
112 407
122 455
131 500
145 542
168 581
200 613
236 637
277 645
318 638
350 611
377 578
396 538
407 494
414 449
422 401
426 353
150 364
178 358
207 361
236 367
263 374
299 372
324 362
350 354
378 348
402 356
283 388
284 417
286 447
286 477
251 490
267 496
285 501
302 497
316 491
184 384
203 378
222 378
240 391
221 393
201 392
318 389
335 374
355 371
374 378
358 388
338 390
226 549
244 536
267 529
284 534
300 529
319 537
333 554
320 581
301 592
283 593
265 590
242 577
236 550
267 541
284 543
300 542
323 555
300 568
284 569
266 565
