123 348
129 394
136 439
143 482
155 524
176 562
204 596
239 622
282 629
323 623
354 596
377 561
395 522
405 480
412 438
420 394
423 349
157 349
177 333
206 336
233 345
260 356
305 353
330 341
355 331
382 328
401 343
283 379
284 405
285 431
286 459
255 471
269 477
284 482
299 477
313 472
192 379
208 371
228 372
244 386
225 390
206 389
319 386
334 373
354 371
369 379
357 390
337 391
237 529
249 514
268 508
283 513
298 509
317 516
329 534
318 557
300 566
284 568
267 565
248 553
247 529
268 526
283 528
298 527
319 534
299 539
283 540
268 537
