120 392
126 433
132 474
138 515
147 554
166 589
194 619
231 641
276 648
323 643
359 620
386 588
404 552
413 512
418 472
424 432
429 391
152 354
169 333
197 325
226 328
253 338
309 340
335 332
362 331
387 339
404 359
282 370
282 393
282 416
282 440
250 467
265 470
282 474
298 470
313 467
188 383
203 374
222 374
241 385
222 389
203 388
318 385
335 374
353 374
370 383
354 388
336 388
207 523
232 509
261 504
283 507
303 505
331 511
356 526
331 553
304 563
282 564
260 562
231 550
216 525
261 516
283 518
303 517
347 528
303 544
282 545
260 542
