133 373
140 417
149 460
156 502
167 543
188 581
218 610
256 630
299 633
342 625
377 599
403 566
419 526
426 484
428 442
432 399
434 356
156 355
173 336
199 332
226 333
254 339
302 334
328 325
355 323
381 326
400 342
280 373
280 403
281 432
282 463
255 484
269 488
285 492
301 487
315 482
192 387
208 380
225 380
242 387
225 392
208 392
320 384
335 376
353 374
369 379
354 386
337 387
234 543
251 532
272 526
290 530
308 525
332 528
352 536
335 557
313 566
294 569
275 567
253 561
243 543
273 543
291 544
309 542
342 537
311 543
292 546
274 543
