115 378
119 424
126 468
133 511
147 551
170 589
201 621
237 646
276 653
314 645
347 621
377 591
398 555
411 516
419 474
426 432
432 388
153 348
174 327
204 321
234 328
263 339
306 341
334 331
363 327
390 334
406 356
286 379
287 405
289 432
290 460
257 484
271 488
286 492
299 490
311 485
184 383
201 366
224 368
241 390
222 396
199 395
320 391
337 370
359 370
376 387
361 397
338 398
229 553
246 530
269 519
283 523
297 520
316 532
329 556
315 579
296 589
280 590
265 589
244 579
240 552
268 539
282 540
297 540
319 555
296 563
282 565
267 564
