110 376
113 421
117 464
123 507
137 547
161 581
193 608
228 629
268 636
306 631
340 611
370 584
395 551
410 512
418 470
427 427
432 384
151 354
176 343
205 342
233 349
261 358
297 359
325 353
354 349
381 352
403 367
281 385
282 413
282 440
283 469
251 488
265 492
279 497
293 494
306 489
180 381
197 370
218 372
235 390
215 392
195 390
319 392
333 376
354 376
372 388
355 396
335 396
215 538
238 528
260 523
276 528
291 524
310 531
328 544
308 554
289 559
274 560
257 558
236 552
224 539
259 539
275 541
290 540
320 543
290 542
275 543
259 541
