132 362
136 406
142 447
148 487
158 526
180 562
206 591
237 616
273 624
310 618
341 595
368 568
391 533
405 495
414 456
422 414
428 370
165 366
186 353
212 350
239 354
263 362
308 364
331 359
356 356
380 359
399 372
285 380
285 407
286 434
286 461
254 466
268 473
284 479
299 474
313 468
197 380
213 375
229 376
245 384
228 384
212 384
320 386
336 379
352 380
368 386
352 389
336 388
229 515
243 498
263 494
281 499
297 495
314 501
323 522
312 546
295 558
277 560
259 557
240 543
237 515
262 504
280 507
296 506
316 521
295 538
279 541
260 537
