114 376
117 419
121 460
126 502
138 542
161 577
191 608
227 632
269 640
311 635
346 610
376 580
398 545
411 507
418 467
424 427
428 387
149 355
171 338
201 334
230 340
257 352
305 352
332 344
361 341
387 347
404 367
282 379
283 408
284 436
285 466
243 476
261 482
280 489
298 484
315 479
182 381
200 373
219 374
236 388
216 389
198 386
319 391
337 380
355 380
373 390
355 394
337 394
196 512
225 504
255 504
277 508
298 505
324 508
348 518
322 543
296 556
274 558
250 555
221 540
205 514
254 513
276 516
297 515
338 520
296 541
275 543
252 540
