114 370
119 417
126 464
134 508
148 550
172 588
203 619
237 644
276 651
315 645
350 620
382 589
407 552
423 511
431 468
438 423
444 377
153 354
178 342
208 343
236 349
265 356
297 358
326 353
354 348
383 348
408 360
283 386
283 413
284 441
284 470
254 490
268 494
282 498
296 496
309 491
183 381
200 369
222 370
238 389
219 394
198 392
322 390
337 372
360 372
377 385
361 395
339 395
228 552
244 537
265 528
280 532
294 529
313 538
329 554
313 575
294 584
278 586
262 584
243 574
238 552
265 546
280 547
293 547
319 554
294 561
279 563
264 561
