124 377
129 418
135 459
142 498
154 535
175 566
204 590
237 609
275 615
314 611
346 594
375 570
396 539
410 503
416 463
422 423
426 382
164 362
186 349
213 346
239 351
265 359
298 361
324 356
350 351
376 354
396 367
284 382
285 408
286 433
287 460
255 476
270 481
285 485
299 482
311 477
194 382
209 374
227 375
241 386
225 388
208 387
319 387
333 376
350 376
366 385
351 389
334 390
223 523
245 513
267 509
282 513
296 511
316 516
335 527
315 540
295 544
279 544
264 542
243 537
231 523
266 521
281 523
296 523
327 527
295 530
280 531
265 529
