106 390
111 434
118 477
126 520
140 558
167 590
200 616
237 637
275 644
313 638
346 616
377 589
401 557
416 519
424 478
431 436
436 393
153 361
180 348
210 346
239 351
268 360
294 363
323 356
352 352
381 355
404 370
283 386
284 410
285 435
286 460
256 486
269 490
283 493
296 491
308 487
185 382
203 371
224 371
239 388
221 391
201 390
320 390
335 375
356 376
372 388
356 395
336 395
228 549
246 533
267 524
281 529
294 525
311 534
327 550
311 564
293 572
280 574
265 572
246 565
238 548
266 543
280 544
293 544
317 549
293 549
280 551
267 549
