130 412
136 450
143 486
148 522
155 557
174 586
203 608
240 622
285 625
331 621
371 606
402 584
422 553
429 516
432 478
436 440
440 402
155 367
172 344
198 331
228 325
257 333
309 330
337 319
369 319
397 330
415 355
283 371
283 396
282 422
282 448
252 475
267 478
283 482
300 477
315 474
188 392
205 381
224 380
244 389
225 395
205 396
324 385
343 374
364 373
381 382
365 389
344 389
221 531
241 514
264 506
283 510
301 506
325 513
350 528
325 537
303 540
284 542
264 541
242 538
230 530
264 521
283 522
302 521
340 529
302 521
283 522
264 522
