120 388
126 429
134 469
140 509
149 550
169 586
199 616
237 637
282 641
329 635
369 614
402 584
424 547
432 505
436 462
442 420
446 378
144 377
167 360
198 358
230 362
263 368
298 366
328 358
360 352
392 351
416 367
279 383
280 409
279 435
279 462
246 481
263 487
281 491
299 486
316 478
182 389
200 380
221 379
240 392
220 396
198 396
323 388
341 375
362 373
381 382
364 390
342 391
227 528
246 521
265 517
282 521
297 515
318 517
341 525
320 540
298 546
283 548
266 547
246 542
235 529
265 530
282 531
297 529
333 526
298 532
282 535
266 532
