115 402
120 443
124 482
129 522
140 561
164 596
197 626
239 647
287 650
333 643
371 620
402 588
422 551
430 510
435 470
437 430
438 390
140 363
157 339
186 329
217 329
247 340
314 335
341 320
372 315
401 325
416 350
282 374
283 402
284 431
284 460
246 479
266 484
286 490
305 483
323 477
177 388
195 378
216 379
236 390
216 393
195 393
323 387
343 374
364 372
382 381
365 387
345 389
193 527
226 514
261 510
286 512
311 508
344 511
373 521
346 556
313 571
286 573
260 573
224 560
203 529
261 521
286 522
311 520
363 525
311 551
285 554
260 553
