120 421
127 462
136 503
144 542
155 581
175 616
204 646
242 667
288 672
333 663
372 641
401 611
419 576
428 535
435 494
440 454
444 412
145 354
159 325
186 310
218 308
245 321
312 319
341 303
374 302
402 317
416 346
281 369
281 393
281 417
281 442
253 477
268 481
283 484
298 481
311 477
182 390
198 376
220 375
240 389
221 397
199 399
323 385
342 370
365 369
381 383
366 392
343 392
229 559
244 530
267 516
283 520
299 516
323 531
341 558
325 582
302 592
284 594
267 593
244 583
240 558
268 538
283 537
299 537
329 557
300 565
283 567
267 566
