116 393
121 435
128 474
133 514
141 554
161 588
193 614
232 634
278 638
323 633
362 614
391 586
409 551
416 512
422 473
429 433
434 393
143 365
164 344
194 336
225 337
255 348
310 348
338 336
369 334
399 342
417 365
283 376
283 402
283 428
282 456
251 479
266 483
281 488
297 484
312 481
181 385
199 375
219 375
238 387
218 392
197 392
323 387
342 375
362 375
380 385
363 392
342 392
217 538
240 524
263 516
281 521
298 517
319 525
341 539
318 552
298 555
280 556
261 555
239 550
227 538
262 532
281 533
298 532
331 540
298 533
280 535
262 533
