126 400
132 439
139 478
146 517
156 554
176 587
204 612
239 631
282 636
324 630
361 611
391 584
411 551
421 512
427 471
433 431
437 390
154 372
174 356
202 351
231 349
257 355
302 354
329 346
358 345
386 349
408 365
280 375
280 401
279 427
278 454
246 468
262 474
280 479
298 473
315 467
188 387
205 379
223 378
242 387
223 389
205 389
321 385
339 374
358 374
375 382
359 385
340 385
222 520
237 498
259 491
280 496
300 492
323 500
340 520
323 546
300 557
279 559
257 556
236 544
230 521
259 506
280 507
300 506
332 521
300 534
279 536
258 533
