127 417
134 457
141 495
148 533
157 570
175 603
203 631
239 650
284 655
329 649
368 629
398 601
418 566
426 528
432 488
437 448
441 407
153 364
169 341
196 327
226 323
254 332
315 330
342 318
372 317
398 329
414 354
284 371
284 395
284 419
283 444
255 474
269 478
284 482
299 478
312 473
186 392
202 379
222 378
242 389
223 395
202 397
326 386
344 373
365 373
381 384
365 391
345 391
230 548
244 521
266 509
284 513
301 509
324 520
340 546
324 568
303 576
284 578
265 577
244 568
240 547
266 531
284 531
301 530
329 546
302 551
284 553
266 551
