149 397
152 435
159 473
166 509
177 545
194 579
218 609
247 631
285 638
323 633
355 612
381 585
401 551
414 513
423 475
429 436
432 396
164 372
181 353
208 348
236 351
262 360
300 361
326 351
354 347
383 351
404 369
281 380
281 409
280 439
279 469
246 477
262 485
280 491
299 484
316 477
194 384
209 373
228 374
245 387
227 389
208 389
322 387
340 374
359 373
375 384
360 389
341 390
228 533
241 515
263 509
281 514
302 509
325 514
340 534
326 557
304 568
282 570
262 568
241 556
236 533
263 522
282 523
302 521
331 534
303 546
282 549
263 546
