147 416
152 453
160 489
168 524
179 560
195 594
218 624
247 646
286 652
326 645
359 624
386 596
405 562
417 525
425 486
430 447
433 406
165 373
181 352
207 343
236 340
263 347
298 342
324 333
353 334
380 340
401 359
279 376
278 405
278 434
277 464
251 488
264 494
280 498
296 493
310 486
190 390
205 374
227 373
246 391
227 398
205 399
319 388
337 369
359 367
375 383
361 394
338 394
233 554
245 537
263 528
280 533
297 528
319 536
336 553
321 577
300 586
282 588
264 586
246 576
244 553
264 542
281 543
297 542
326 553
298 563
282 564
264 562
