147 401
152 440
160 478
166 517
175 555
192 588
216 614
246 632
282 637
321 634
355 618
382 592
402 559
414 521
419 480
426 439
431 398
163 378
181 361
208 358
236 361
264 367
300 365
329 357
358 353
386 353
408 369
282 385
281 416
281 446
280 478
253 494
267 499
283 503
299 499
314 493
192 392
208 381
228 381
247 395
227 400
207 400
323 393
340 378
361 376
377 386
363 395
342 396
230 548
249 541
268 539
284 543
298 538
318 540
339 545
319 555
299 559
284 561
269 560
249 556
237 547
268 547
284 549
298 546
333 544
298 547
284 550
269 548
