142 406
147 444
154 481
161 518
172 553
189 586
214 614
245 634
284 639
322 634
355 616
382 590
402 556
412 519
418 480
425 441
429 401
163 372
180 352
206 346
234 346
261 354
302 354
328 344
357 341
385 345
405 363
282 379
282 409
281 439
281 469
254 489
267 495
282 499
298 495
312 489
191 389
207 375
228 375
246 392
227 397
205 398
322 390
339 373
360 371
376 385
362 394
341 394
228 546
246 535
265 530
283 535
299 529
319 534
340 545
320 557
301 563
283 565
266 563
246 557
236 546
265 542
283 545
300 542
331 545
300 544
283 546
266 544
