142 414
147 454
154 491
163 528
175 565
192 599
216 630
246 652
283 659
321 652
353 632
378 603
396 568
408 529
417 491
424 451
428 411
164 362
178 338
204 328
233 328
259 339
305 338
332 326
362 323
390 332
406 358
282 378
281 406
280 434
279 463
254 488
267 493
281 496
296 493
309 488
190 390
205 374
227 374
246 392
226 399
204 400
320 390
338 370
360 369
376 385
362 396
339 396
234 557
246 537
265 528
282 532
298 527
320 536
334 557
321 583
301 593
283 595
265 593
246 582
244 556
266 542
282 543
298 543
324 557
299 569
283 571
266 568
