147 411
151 448
159 485
167 521
178 556
195 588
219 615
248 635
285 641
324 636
358 616
385 590
405 557
416 520
422 481
428 441
432 401
171 372
187 355
211 347
238 344
264 349
303 345
328 338
355 339
380 345
399 362
282 379
281 410
281 439
280 470
254 490
267 496
282 500
297 495
312 489
196 390
210 375
230 375
247 391
229 396
209 397
322 388
339 371
359 370
374 384
360 393
340 392
231 549
246 536
265 530
282 534
299 529
319 534
338 547
320 559
300 564
283 566
266 565
248 560
239 548
265 543
282 545
299 543
330 547
300 545
283 548
266 546
