145 396
145 432
147 467
150 505
161 542
182 577
208 610
239 637
280 647
320 641
353 615
381 583
404 549
417 512
424 475
429 439
430 402
166 366
181 345
209 337
237 338
263 349
312 351
338 340
367 339
394 346
411 368
286 379
285 409
284 439
282 470
246 480
263 488
283 496
303 489
322 481
197 384
212 373
232 374
249 388
230 391
211 390
325 390
344 376
363 375
379 388
364 393
344 393
204 512
232 512
261 514
284 518
306 514
335 514
364 515
336 549
306 565
282 568
259 564
230 546
214 516
261 521
283 525
305 523
354 520
306 548
283 552
260 547
