121 403
127 442
136 480
143 518
152 556
172 590
201 618
237 640
281 647
326 643
365 624
396 596
419 561
430 521
436 480
443 439
448 397
142 371
161 348
190 339
222 341
254 350
298 352
331 344
364 342
395 352
416 375
279 377
280 403
282 430
283 457
251 482
266 486
283 489
299 486
314 483
180 386
197 374
217 374
236 389
216 393
195 393
324 390
341 377
362 377
381 390
363 396
342 395
221 546
244 533
266 524
283 528
299 524
319 533
341 547
319 557
298 561
282 562
264 561
243 558
231 546
265 539
283 541
299 540
331 546
298 541
282 542
265 541
