125 403
131 446
141 485
150 525
161 564
182 600
210 631
245 655
287 663
331 656
367 633
396 602
418 565
429 526
438 486
446 444
451 400
155 375
176 357
205 349
236 349
267 354
299 357
329 350
361 350
391 356
413 374
284 380
285 405
287 431
288 458
253 479
270 484
287 489
305 485
321 479
185 387
201 374
222 373
240 388
221 392
201 392
326 388
343 373
364 374
382 387
365 393
344 392
233 554
248 530
269 519
286 523
302 519
323 529
336 555
322 578
302 587
285 589
267 587
247 578
243 553
269 537
286 537
302 537
326 554
302 561
285 563
268 561
