126 397
133 439
141 478
147 516
156 555
176 589
204 615
241 634
285 640
330 638
368 620
398 594
418 560
428 521
435 481
442 440
448 398
152 379
172 359
201 349
233 348
263 355
296 360
325 353
358 353
388 362
410 381
279 383
280 413
281 443
281 474
245 487
262 494
282 500
302 494
320 487
184 389
201 379
220 379
239 392
220 392
201 393
323 393
341 382
361 383
380 393
360 396
341 395
221 547
239 529
260 524
281 529
302 524
323 530
343 548
324 556
302 560
282 561
261 559
240 555
230 545
260 539
281 541
301 539
334 546
302 541
282 542
261 540
