119 384
125 427
133 468
139 508
150 547
170 581
202 607
239 628
282 634
326 631
364 613
397 587
419 552
430 511
436 470
443 427
447 384
147 371
171 356
202 353
234 356
265 363
294 365
325 358
359 354
391 357
415 373
281 380
283 406
284 433
285 461
249 476
266 482
284 488
302 483
318 477
182 383
200 376
219 376
238 387
219 391
199 390
323 388
341 377
362 377
381 385
363 393
342 392
233 540
247 524
265 519
282 524
298 520
316 526
333 543
316 550
298 552
282 552
265 550
248 547
240 538
265 529
282 531
298 530
325 540
297 533
282 535
265 531
