123 384
127 425
132 464
138 505
149 545
171 583
200 617
237 644
281 653
325 648
364 623
394 590
418 553
430 512
436 470
441 428
445 386
145 365
165 346
193 339
223 340
253 349
306 351
336 342
366 341
396 349
415 371
281 378
282 407
282 435
282 465
245 478
263 484
281 491
300 486
318 480
180 382
198 372
217 373
236 387
216 388
196 387
323 391
342 378
363 379
381 389
363 393
343 393
197 519
227 513
258 512
281 517
302 514
333 518
364 524
333 559
302 572
279 573
256 570
224 552
206 523
258 523
280 526
301 525
354 528
301 552
280 554
257 549
