118 395
125 437
135 476
142 514
153 553
174 588
202 618
237 642
279 649
322 643
358 620
386 590
408 555
419 517
426 477
433 437
438 395
149 375
170 360
197 353
227 353
254 360
302 363
329 356
358 356
386 363
406 379
278 377
279 403
280 428
281 455
245 466
261 474
281 480
300 475
317 467
181 385
199 375
217 373
236 383
217 384
199 385
321 385
339 376
358 377
376 387
358 387
339 386
218 525
233 504
257 499
280 504
301 500
324 506
339 528
324 555
301 567
279 569
255 566
231 552
227 525
257 513
280 515
301 514
330 527
300 544
279 547
256 543
