117 393
124 438
134 481
143 524
155 567
175 607
204 642
241 668
283 677
326 670
363 644
392 610
412 570
425 526
434 481
442 437
447 390
145 352
162 327
191 317
222 320
251 331
308 332
337 320
369 318
399 329
417 354
282 375
283 402
285 430
286 459
253 485
268 489
284 492
300 490
315 485
178 382
195 366
218 367
237 387
217 392
194 392
324 388
343 369
367 369
384 386
367 395
344 394
228 565
244 539
267 526
284 531
300 527
321 541
335 569
320 599
299 611
281 612
263 610
241 597
239 565
266 546
283 547
299 547
323 568
298 582
282 583
265 581
