120 405
124 453
132 503
145 550
162 594
184 638
210 680
243 712
280 722
317 711
349 679
374 634
394 590
411 545
423 498
431 451
434 403
140 355
157 324
190 313
225 317
256 334
308 333
339 317
373 314
404 327
418 359
283 374
283 403
284 431
284 460
254 492
268 497
283 500
297 497
310 492
175 383
192 365
219 365
239 388
217 396
190 396
323 388
343 366
369 366
385 384
371 397
345 397
232 590
243 553
267 538
281 541
297 538
321 554
330 590
320 639
300 665
281 668
264 665
242 639
240 591
268 556
281 556
296 556
320 591
297 636
281 640
266 637
