117 419
119 460
124 501
131 544
147 582
173 616
206 645
242 666
282 673
321 663
354 637
381 604
401 568
413 529
420 490
424 450
426 410
149 367
168 341
198 324
232 317
263 326
301 329
329 320
361 326
388 341
404 366
281 374
282 404
283 435
284 466
247 485
265 491
283 496
300 490
317 485
182 383
199 369
220 370
238 387
219 389
199 388
322 387
341 371
361 369
377 384
362 389
341 389
208 539
234 524
263 520
284 523
304 519
330 523
350 538
330 575
305 591
283 594
262 592
233 575
215 542
264 533
283 534
304 532
342 541
304 572
283 575
262 572
