126 390
131 429
140 468
148 506
159 544
178 577
205 606
239 628
281 635
321 628
354 605
381 577
401 544
411 505
418 467
425 427
429 389
152 360
173 342
201 337
229 342
255 355
312 356
337 345
364 340
390 343
409 360
284 376
285 401
286 427
286 454
255 471
270 476
286 480
301 475
315 469
188 382
204 373
224 374
242 386
222 389
202 388
324 385
341 374
360 374
377 383
361 388
342 388
226 533
244 515
267 507
286 513
304 508
324 515
341 532
324 548
304 555
285 557
266 555
243 548
234 532
266 524
286 526
304 524
332 532
304 533
286 534
267 532
