127 411
133 450
141 487
149 524
161 560
183 591
212 616
247 635
286 641
324 634
357 614
385 589
404 559
415 524
422 488
428 452
431 415
152 364
170 337
199 319
234 312
265 320
305 323
334 316
366 324
392 341
407 365
285 371
286 400
286 429
287 459
255 485
270 489
286 493
301 489
316 485
187 386
203 373
224 373
243 388
223 394
202 394
325 388
344 375
364 376
380 389
364 395
343 394
229 551
249 534
271 524
286 528
301 523
321 533
339 550
322 563
302 569
287 571
270 570
249 564
239 549
271 541
286 542
301 541
329 549
302 542
287 544
271 543
