120 391
125 435
133 479
139 522
150 563
172 598
201 628
235 651
278 658
318 652
351 627
376 598
395 561
406 522
413 480
422 437
427 394
145 365
165 346
195 341
226 345
253 355
308 357
335 347
363 344
391 348
408 367
281 376
281 405
280 434
280 465
244 476
261 483
279 489
297 484
313 478
179 379
196 366
217 368
235 384
216 386
194 385
322 386
339 370
361 369
377 383
362 388
341 388
209 538
224 513
251 509
277 516
304 511
331 519
345 545
330 578
303 591
275 592
248 588
222 572
216 538
251 519
277 522
304 521
338 545
303 571
276 574
249 569
