126 393
129 433
133 472
138 512
150 551
173 586
202 618
235 645
274 656
315 649
350 623
380 591
404 557
416 518
422 480
428 442
432 403
146 357
162 330
193 316
225 315
256 329
311 332
342 321
376 324
405 340
418 370
284 373
283 402
282 431
281 461
244 478
262 483
280 489
298 484
316 481
184 381
201 372
220 373
240 385
219 388
199 387
324 388
343 378
363 378
381 388
363 392
343 392
191 518
224 516
256 516
279 520
302 517
332 519
362 523
332 554
302 569
278 571
253 568
221 551
201 522
255 523
279 527
302 525
352 526
301 551
278 554
254 550
