121 412
125 452
131 491
138 529
151 565
173 596
205 621
240 642
279 648
316 642
351 622
378 595
398 565
409 529
415 493
421 458
423 421
141 360
159 332
191 320
224 321
254 337
307 339
335 325
366 326
394 340
408 366
282 375
282 403
283 431
283 460
250 487
266 491
281 495
295 492
309 488
180 384
197 372
218 373
237 387
218 393
196 393
322 389
342 377
363 378
378 391
363 397
342 396
216 549
241 536
263 528
280 533
297 528
318 536
339 549
319 561
298 567
281 568
262 567
240 560
226 549
262 543
280 544
297 543
329 549
298 545
280 547
263 545
