136 378
138 417
144 456
150 494
159 532
178 566
206 594
239 616
278 622
317 616
350 595
378 568
399 536
410 499
416 462
420 424
421 386
162 357
181 339
208 331
236 331
262 340
304 341
330 334
357 335
382 343
399 361
280 378
279 409
279 440
279 472
250 487
264 493
280 498
295 492
309 486
192 383
208 376
227 377
244 388
225 391
207 390
316 389
332 378
351 378
368 385
352 392
334 392
226 538
244 527
265 522
281 527
298 522
318 527
335 536
319 555
299 564
281 566
264 564
243 557
236 539
264 539
281 540
298 538
326 538
298 542
281 544
264 542
