140 394
144 432
151 470
156 508
166 544
186 575
215 602
248 621
285 627
324 621
357 600
385 573
407 542
417 506
423 471
428 434
429 397
163 362
179 342
206 331
235 329
264 336
303 340
330 334
358 337
384 347
401 366
281 377
280 403
280 430
281 458
253 478
267 483
282 488
297 482
312 477
195 383
210 373
229 374
246 387
228 391
208 390
317 389
333 376
353 376
369 387
354 394
334 393
229 532
248 518
270 511
287 514
304 509
325 514
343 528
326 549
305 560
287 563
269 561
248 553
239 533
270 525
287 525
304 524
334 530
304 537
287 540
270 538
