137 387
140 429
147 470
154 510
167 549
188 585
215 615
246 640
280 647
314 640
346 616
373 586
396 552
410 514
419 475
424 435
426 395
162 352
177 328
204 316
232 319
259 331
310 334
337 323
366 321
393 334
406 361
282 379
281 407
281 436
281 465
252 483
266 488
281 493
296 488
311 483
193 382
208 371
229 372
246 388
227 393
206 392
318 390
334 375
355 375
372 387
357 396
335 396
230 540
245 522
267 515
284 519
299 515
320 521
334 539
320 570
300 587
282 590
265 587
244 572
238 542
267 528
283 529
299 528
326 540
299 563
283 567
266 564
