138 379
141 420
148 459
153 499
161 538
180 573
209 600
243 621
282 627
323 622
359 600
390 572
410 539
419 500
425 461
431 421
433 381
159 365
180 348
208 344
237 349
265 359
300 361
328 352
357 347
386 350
409 366
282 382
282 412
282 442
282 473
254 488
267 494
282 499
298 493
312 486
192 382
208 372
227 373
244 389
224 390
205 389
322 389
338 374
358 373
375 383
359 390
340 391
227 543
243 529
265 523
284 527
301 522
323 527
340 541
324 560
303 570
284 572
265 571
243 563
236 543
265 535
283 537
301 534
331 542
302 549
284 551
265 549
