154 372
153 410
154 448
157 487
167 524
188 559
212 591
239 620
274 630
312 624
347 600
378 572
403 539
418 504
426 467
432 429
434 391
168 357
185 337
212 330
239 335
265 348
312 350
339 341
368 340
395 349
410 371
286 382
285 412
283 442
281 473
248 480
264 487
281 495
299 489
317 483
200 380
216 372
235 375
251 389
232 390
214 387
322 393
340 381
359 381
375 390
359 396
340 396
205 501
231 503
258 507
280 512
303 509
332 508
360 510
331 548
301 566
277 568
253 563
227 541
214 507
257 516
280 520
302 518
351 515
302 544
279 547
255 542
