145 378
149 416
154 453
159 490
167 527
185 560
210 588
242 611
283 616
324 610
358 589
386 563
406 532
417 497
422 460
427 421
428 383
163 365
181 346
208 342
236 348
262 361
298 363
325 352
355 345
385 348
406 367
280 377
279 404
279 431
278 459
247 466
262 473
280 480
298 473
315 465
195 383
210 376
228 377
244 387
226 389
208 388
320 387
336 377
355 376
372 384
356 389
338 389
225 517
239 502
261 498
283 503
303 498
327 503
344 519
327 542
304 552
283 554
260 551
239 540
233 518
261 512
282 514
303 512
335 520
304 530
283 532
261 529
