143 377
146 415
153 452
160 490
170 527
189 562
215 591
246 613
281 620
319 614
353 593
382 565
404 531
416 492
422 454
429 415
431 376
163 355
180 336
206 330
234 334
260 345
308 344
335 335
363 331
390 338
407 357
283 380
282 410
282 441
281 472
253 485
267 491
282 497
297 492
312 486
195 381
210 372
230 373
247 388
227 391
208 390
320 389
336 375
356 373
373 383
358 392
338 393
228 531
247 523
267 519
283 524
299 520
319 526
337 534
318 551
299 559
281 560
264 557
246 547
237 533
266 532
282 535
299 534
328 536
298 536
282 537
266 534
