115 372
122 417
132 461
142 503
155 544
179 580
212 609
250 631
291 637
331 630
368 606
398 577
419 541
430 499
437 456
445 411
449 367
139 351
158 327
190 319
224 321
255 334
309 337
338 323
371 319
402 327
423 349
282 378
283 409
284 441
285 473
255 490
269 496
285 499
301 495
315 490
179 381
198 369
221 370
241 387
219 393
195 392
324 387
343 369
366 367
385 379
369 390
345 392
227 548
249 534
269 527
286 531
301 526
323 532
347 543
325 554
304 560
288 562
271 561
250 557
237 547
269 540
286 541
302 539
336 542
303 540
287 542
270 540
