106 370
112 416
121 463
129 509
140 553
164 592
197 623
237 645
281 649
324 640
358 614
386 582
404 543
412 500
418 458
427 414
431 369
133 373
159 356
192 355
227 360
260 372
293 376
324 363
357 356
389 354
413 369
277 387
278 418
280 450
282 483
245 493
262 501
280 506
298 500
314 491
174 385
193 379
213 379
233 390
213 393
192 393
316 390
336 378
356 377
374 383
357 391
337 392
218 541
242 534
264 530
281 534
299 529
318 530
341 535
320 549
301 555
283 557
265 558
242 553
228 541
264 540
281 541
299 538
331 536
300 539
283 542
265 541
