116 382
122 426
130 470
138 513
149 558
171 599
202 636
241 666
284 675
329 667
369 639
400 603
421 563
432 519
442 476
450 431
456 386
143 347
161 321
191 310
224 310
255 322
310 325
341 313
375 315
405 328
423 353
282 376
282 405
281 433
281 463
253 486
267 493
281 498
296 494
310 489
180 381
197 365
221 367
240 387
219 393
195 392
325 389
344 370
368 369
386 385
370 395
346 396
229 554
247 535
268 526
282 530
297 527
318 537
339 557
319 578
298 587
282 589
267 587
246 578
240 554
268 544
282 545
297 544
327 556
297 563
282 565
267 563
