114 388
121 432
131 477
139 520
153 562
176 600
207 634
244 660
286 669
329 660
366 632
395 597
415 558
428 515
435 471
443 425
449 380
142 344
157 320
184 312
215 312
245 322
313 326
341 315
371 314
400 322
419 344
279 373
280 403
281 432
282 462
251 485
266 491
282 496
298 491
313 486
178 381
196 366
219 368
238 386
217 393
194 392
323 386
342 369
365 367
383 380
367 392
344 392
225 547
247 532
269 526
284 528
300 525
324 532
346 546
326 573
302 583
285 584
269 583
246 572
236 548
269 541
284 542
300 541
335 548
301 560
285 562
269 560
