118 379
124 422
133 464
141 506
153 546
176 582
206 612
242 636
283 643
324 638
360 614
390 586
412 550
424 509
433 467
441 425
446 381
143 365
165 346
197 340
230 343
260 355
303 359
333 348
366 345
397 351
419 369
282 381
282 409
282 437
281 466
251 485
266 490
281 494
297 491
312 486
182 382
200 372
221 373
239 387
219 391
197 391
325 389
343 375
365 375
382 385
366 393
344 393
224 539
244 527
264 520
282 525
298 520
319 528
342 539
319 551
299 557
282 558
264 557
244 551
233 540
264 535
282 537
298 535
333 539
298 536
282 538
265 536
