121 366
125 409
130 450
135 492
146 533
169 569
200 602
236 631
280 641
324 636
362 609
394 579
419 543
432 503
440 461
446 418
451 373
141 368
163 345
196 339
231 342
262 355
303 360
335 349
369 346
402 352
425 373
282 383
282 414
281 445
281 476
242 481
261 490
280 497
300 491
320 484
180 381
199 372
220 373
240 387
218 389
197 387
326 390
346 377
367 376
387 386
368 391
347 392
199 505
230 510
258 512
281 517
302 513
331 512
363 510
331 537
303 550
280 552
256 549
228 534
211 511
257 524
280 527
302 525
351 515
302 530
280 532
257 528
