119 386
125 428
133 468
142 508
153 547
174 584
204 615
241 640
284 646
327 638
364 612
393 582
414 546
424 505
430 465
436 423
441 380
147 383
165 361
194 350
228 346
259 355
296 357
325 345
360 345
392 355
412 377
278 381
279 412
280 444
280 476
250 488
264 495
280 500
297 495
312 487
185 388
202 378
220 378
238 389
220 391
201 391
321 388
339 376
358 375
375 384
358 388
339 388
221 544
239 530
262 524
281 528
298 523
321 528
341 540
322 558
300 567
281 570
261 568
239 561
231 544
261 539
281 540
299 538
331 540
299 547
281 549
262 548
