114 383
119 428
127 473
134 517
147 558
172 592
206 617
244 637
287 642
329 633
367 610
401 585
424 551
435 510
439 468
445 424
448 379
145 369
168 352
198 348
229 352
257 360
298 360
328 352
359 348
391 351
416 368
279 381
279 411
278 441
279 472
249 486
264 492
281 496
297 491
312 484
183 383
200 375
219 375
234 387
217 388
199 388
324 387
340 375
358 375
376 382
360 387
342 387
229 552
247 535
265 527
282 532
299 526
320 533
338 546
322 555
303 560
285 562
267 562
248 558
239 549
265 544
282 545
300 542
329 544
301 542
283 545
266 544
