121 388
124 431
130 471
135 513
144 553
164 587
195 615
232 636
276 643
322 640
363 620
398 596
423 565
437 527
444 487
451 445
457 403
149 360
171 339
202 333
234 337
266 346
302 350
336 343
370 343
403 352
425 376
283 377
281 402
279 428
277 455
252 479
264 483
277 486
291 484
306 481
186 382
203 371
224 372
242 388
222 393
200 392
328 392
345 380
367 380
385 393
368 400
346 399
219 546
239 527
259 516
277 521
293 517
313 528
334 548
313 556
293 559
276 560
257 559
238 555
229 545
259 535
276 537
293 536
324 547
293 537
276 538
259 537
