121 391
122 432
126 472
129 513
138 552
158 584
191 608
228 627
271 634
315 630
356 613
391 592
415 562
428 525
435 486
442 447
446 407
152 358
175 334
208 326
242 330
275 340
306 342
338 333
372 331
404 344
421 371
287 371
285 396
284 421
282 448
254 473
267 477
281 480
295 478
309 475
186 375
204 361
227 362
244 383
224 389
200 387
327 388
345 369
368 370
384 386
369 397
346 396
217 544
240 523
264 512
280 516
296 512
317 523
336 545
315 554
295 557
278 558
261 557
239 555
228 542
263 530
279 531
295 530
325 543
295 539
279 540
263 539
