112 385
117 429
124 471
131 513
143 553
168 587
202 613
240 633
282 639
324 632
359 610
390 585
412 552
422 514
428 475
435 435
440 393
148 373
169 352
200 345
232 348
263 358
304 360
333 352
365 350
395 357
415 378
283 375
282 402
282 429
281 457
250 468
264 474
282 480
298 475
314 469
185 381
202 374
220 374
239 382
219 384
201 384
325 384
342 376
360 377
378 385
361 387
342 386
224 534
240 512
262 505
282 509
301 504
322 513
338 534
322 555
302 564
282 566
261 564
240 554
233 533
262 517
282 518
300 517
329 533
301 545
282 547
262 545
