110 356
113 404
120 450
127 497
141 541
167 581
201 616
239 644
281 654
323 646
361 619
394 587
418 549
433 506
441 462
448 417
453 371
147 356
174 344
207 345
239 354
271 363
302 367
333 361
365 355
396 355
422 368
285 383
283 412
283 442
282 473
253 491
266 496
282 500
298 497
312 492
183 374
202 367
224 369
241 385
221 389
199 386
328 389
345 376
367 375
385 384
368 395
346 395
225 556
245 543
267 534
283 539
298 534
319 542
337 555
320 575
300 584
283 586
266 584
244 574
237 556
267 552
283 553
298 552
326 556
299 559
283 560
267 558
