111 393
114 438
120 482
126 525
140 566
164 600
197 627
234 647
274 653
315 648
352 628
384 604
408 572
422 534
431 494
438 453
443 409
149 349
168 320
200 305
234 305
267 315
309 318
341 310
374 311
404 328
418 361
282 366
282 392
281 417
280 444
252 473
265 476
279 478
292 477
306 475
183 377
200 365
223 365
242 383
220 390
198 388
322 387
341 372
364 372
380 387
364 397
341 396
223 551
241 524
262 511
278 515
292 511
312 525
326 553
311 572
292 578
277 579
260 577
240 571
235 549
261 530
277 531
291 531
315 551
292 555
278 556
262 554
