117 410
122 451
128 489
133 529
145 566
170 595
205 618
242 636
285 642
327 636
366 618
401 595
426 566
439 529
442 489
446 450
450 410
146 371
166 344
199 331
233 331
267 338
301 338
335 328
370 327
403 340
423 369
283 369
283 393
283 416
283 441
254 466
268 470
284 474
299 470
314 466
184 384
201 371
223 371
242 386
222 392
200 391
326 387
345 372
367 371
384 385
368 393
346 393
209 525
235 508
263 501
284 505
304 501
331 508
357 523
332 547
306 555
285 557
263 555
236 548
219 526
263 513
284 515
304 513
348 525
305 539
284 541
263 539
