111 406
114 454
120 501
130 548
145 592
169 632
199 667
235 692
276 700
315 693
350 667
378 631
400 591
415 548
425 504
432 460
436 416
145 354
163 327
194 312
227 310
258 322
315 324
345 315
378 318
406 335
419 364
286 373
286 395
287 418
287 441
254 479
269 482
284 485
298 484
312 482
180 382
197 369
220 369
240 387
219 391
196 391
327 390
346 374
369 375
386 391
369 398
346 396
220 574
237 536
264 518
281 522
297 519
320 537
331 576
319 614
297 632
278 634
259 632
234 614
230 572
263 542
280 542
296 543
321 575
296 604
279 606
262 604
