114 386
117 428
121 468
126 510
137 549
160 584
189 614
227 638
270 646
312 640
349 617
379 589
403 555
414 517
421 478
428 438
433 397
148 361
172 342
202 333
235 330
264 337
309 342
338 337
368 341
396 352
413 375
284 377
284 405
284 432
284 461
245 479
262 485
281 491
299 486
317 482
181 380
201 371
221 372
239 387
218 388
198 386
324 392
343 379
363 379
380 390
363 395
343 394
207 530
231 516
258 511
279 517
299 513
324 521
345 537
322 558
297 568
276 570
254 566
228 553
217 532
257 531
278 534
298 533
335 538
298 545
277 547
256 543
