114 372
116 417
121 460
127 503
139 544
161 580
192 610
230 633
273 641
315 634
352 611
383 583
405 547
417 506
423 464
429 421
431 378
140 363
166 348
200 348
233 355
262 367
305 369
333 359
363 352
393 353
414 369
284 379
284 401
285 425
285 450
247 467
264 475
282 480
300 476
317 470
179 378
199 373
219 374
238 383
218 384
198 384
322 385
342 377
361 377
379 383
363 388
343 388
218 537
239 518
263 511
281 517
301 512
323 521
341 539
322 556
300 562
280 564
260 561
237 554
229 536
262 528
281 530
301 529
331 538
300 541
281 542
262 540
