101 373
104 422
109 470
115 518
125 563
148 604
182 636
224 658
271 665
316 659
354 636
384 604
403 564
414 521
420 476
428 431
433 385
137 362
165 346
199 346
234 351
266 359
302 364
331 354
363 351
394 351
417 368
284 379
285 407
285 435
286 465
242 483
262 490
282 496
302 491
319 486
175 378
195 370
217 372
237 385
216 387
193 386
322 389
344 376
365 376
383 386
366 393
345 393
209 543
235 526
261 518
280 524
300 520
323 530
341 548
321 564
297 570
277 571
256 569
231 562
220 543
260 538
279 541
299 539
330 546
298 545
278 547
258 545
