105 376
107 420
112 465
117 510
128 552
153 589
187 617
227 638
270 645
310 637
344 614
372 585
391 550
402 511
409 472
417 431
421 390
140 360
165 344
196 341
228 346
257 358
304 363
331 356
360 353
387 355
406 371
282 383
283 408
284 433
285 460
247 482
264 487
281 491
297 488
312 484
177 380
196 372
217 374
234 389
215 390
194 388
318 393
336 381
356 381
373 391
357 397
337 397
209 535
235 523
260 517
277 522
294 519
314 527
332 539
312 558
292 562
274 562
255 560
232 554
219 536
259 533
276 536
293 535
323 539
292 542
275 543
258 540
