108 372
110 419
116 466
122 511
135 555
161 595
193 630
231 657
274 666
317 658
353 630
383 596
406 556
419 515
427 472
434 428
438 384
137 359
160 337
193 329
228 331
258 344
314 346
344 336
376 335
406 345
422 370
286 382
287 411
287 441
287 472
244 486
264 493
284 500
304 494
323 490
177 381
198 373
219 376
238 390
217 390
195 388
327 395
348 381
369 381
388 390
371 396
349 397
193 523
225 517
256 515
281 522
306 519
334 524
360 533
331 567
303 583
276 585
250 580
220 561
203 527
255 527
280 531
305 530
349 536
303 560
278 563
252 558
