110 381
113 426
121 471
128 514
140 557
165 596
197 627
237 651
282 658
326 650
362 623
392 591
414 552
425 510
430 466
435 422
437 379
141 371
165 349
197 340
233 337
264 344
305 345
335 338
368 338
398 346
417 367
284 377
285 410
286 442
287 476
244 489
265 495
286 501
307 495
325 488
179 383
200 376
219 377
238 389
218 388
199 387
325 388
347 377
366 376
384 383
367 387
348 388
204 534
230 522
257 519
283 524
308 519
333 523
354 537
332 554
307 565
281 567
255 564
227 553
214 535
258 536
283 539
308 536
344 537
307 543
281 546
256 542
