129 416
131 455
137 495
144 534
154 575
172 612
199 642
235 661
279 667
323 663
362 645
393 617
413 580
422 539
427 498
433 457
434 416
151 344
165 318
191 304
220 303
248 312
312 313
340 305
370 309
395 324
409 350
280 361
281 380
281 398
282 418
253 458
267 461
282 464
295 462
308 459
185 381
200 366
222 366
242 380
221 388
199 389
318 383
338 369
360 370
376 386
361 393
338 391
226 542
243 513
267 500
283 503
298 500
320 513
335 543
320 569
298 579
281 581
265 579
242 567
236 540
267 516
282 516
297 517
325 541
297 556
282 558
266 555
