130 389
134 429
142 469
149 510
160 550
182 585
210 615
243 637
283 643
324 638
360 616
390 588
413 553
425 513
430 471
436 428
438 387
150 351
169 336
196 335
222 340
248 350
312 349
338 339
366 336
392 339
412 356
280 377
280 401
280 424
280 449
252 474
266 479
281 483
295 479
309 474
185 382
201 373
221 373
240 386
220 390
200 390
321 386
338 375
358 375
375 384
359 392
339 391
227 539
246 529
265 524
281 529
295 524
314 529
335 539
315 553
297 559
281 561
265 560
246 553
236 539
265 537
281 539
295 537
325 539
296 538
281 540
266 538
