125 393
129 435
138 478
146 520
157 562
179 599
208 632
245 655
288 661
332 655
368 630
397 597
418 558
429 515
434 473
439 429
441 386
142 366
162 345
193 340
223 346
254 355
304 354
334 343
365 338
395 342
416 361
281 376
282 399
283 422
283 448
253 471
268 476
284 481
300 476
315 470
182 386
199 376
220 376
239 388
219 391
199 391
323 387
341 375
361 374
378 383
363 389
343 389
232 545
245 523
265 514
285 519
304 514
325 521
338 543
325 566
306 578
286 581
266 579
245 568
241 544
266 529
285 531
304 529
329 544
305 554
286 557
266 554
