133 362
135 405
143 450
153 493
166 538
188 578
214 617
246 647
288 655
331 646
366 617
396 580
418 538
431 493
438 448
445 402
448 357
154 347
180 343
209 357
234 371
260 381
301 380
329 369
357 355
389 342
417 348
281 393
281 419
281 446
281 474
251 489
265 497
282 504
299 498
313 491
186 381
204 375
224 378
242 391
221 395
200 393
323 391
341 378
362 376
381 382
365 394
344 395
231 550
248 545
266 542
282 547
298 543
317 547
337 554
318 579
299 589
282 590
265 587
247 576
240 553
266 552
282 555
298 553
327 556
298 568
282 569
266 566
