123 402
129 444
138 486
146 527
156 566
179 601
209 631
246 653
290 658
335 651
372 627
402 596
422 558
431 517
435 476
439 434
441 392
143 366
161 343
190 333
222 330
253 336
305 339
335 334
366 335
394 343
413 364
280 376
282 401
283 426
284 453
256 483
270 487
285 489
299 486
313 483
182 388
198 377
219 376
238 389
218 394
198 394
322 388
340 375
360 376
377 386
362 393
341 392
230 552
248 537
268 530
286 535
303 530
323 537
343 551
324 562
304 566
287 568
268 567
248 562
238 551
268 544
286 546
303 544
333 550
303 545
286 547
268 545
