135 397
138 437
144 476
151 516
162 556
184 592
214 624
250 651
292 657
335 650
372 625
403 593
425 556
434 514
438 472
442 431
443 390
150 363
165 341
192 334
221 335
249 343
315 341
345 331
374 330
402 338
420 359
283 374
284 397
284 421
284 446
253 471
269 474
286 479
302 474
318 469
188 387
205 377
224 377
243 387
223 392
204 392
325 386
344 376
363 375
380 383
364 389
345 389
214 524
238 514
265 511
286 514
307 510
336 513
363 522
339 553
310 568
288 571
266 569
238 554
223 527
265 521
286 523
307 520
353 525
309 548
287 551
265 548
