137 413
140 451
147 487
153 525
161 564
179 599
207 627
245 647
291 650
337 645
378 629
410 603
431 568
439 528
442 487
447 446
449 405
152 349
165 322
190 307
219 305
246 315
311 313
340 303
370 304
397 317
413 342
279 362
279 385
279 407
279 431
255 471
268 474
281 476
295 472
309 469
187 385
203 374
222 373
243 384
222 389
203 390
322 382
341 370
361 370
379 381
362 387
342 386
222 539
243 522
265 514
283 518
301 513
326 521
351 537
328 554
304 561
286 562
267 561
244 555
233 539
266 531
284 532
301 531
340 538
302 541
285 543
267 541
