125 408
128 449
134 489
140 529
151 566
174 596
207 617
246 632
290 635
334 631
375 614
412 591
437 561
450 522
456 482
461 440
464 398
151 375
169 350
200 338
233 336
265 342
303 343
337 336
371 334
403 343
425 367
284 378
284 402
283 426
283 451
254 480
269 483
284 486
301 482
316 479
189 393
207 380
228 379
246 394
227 398
206 398
329 391
347 376
368 375
386 386
370 393
349 394
226 541
246 525
266 516
283 521
299 517
321 525
347 540
322 545
300 547
284 548
267 547
247 545
235 540
266 532
283 533
299 532
338 539
299 531
283 532
267 531
