135 389
138 431
144 472
150 512
162 550
185 582
215 606
249 625
291 629
333 624
371 605
405 580
431 546
445 507
451 464
455 421
455 377
155 373
168 347
197 335
227 336
256 345
300 346
330 334
363 330
395 339
415 363
278 379
278 409
278 438
278 469
247 482
263 488
280 493
299 488
317 482
190 387
207 377
225 378
243 391
224 391
206 391
324 387
340 374
359 372
377 380
360 385
342 386
229 533
245 522
263 518
282 522
300 517
322 522
345 533
323 543
302 551
283 554
264 551
246 543
237 533
263 532
282 535
301 532
336 533
301 533
282 535
263 533
