118 412
123 455
131 495
140 536
155 575
177 608
210 635
249 653
293 657
337 651
377 631
411 602
435 567
448 527
455 484
460 440
462 394
147 373
164 347
194 333
227 328
262 331
293 331
328 325
363 326
396 336
420 360
279 372
280 396
280 419
280 444
252 476
267 479
283 482
299 478
315 473
183 390
200 375
222 373
240 390
221 395
199 396
325 385
342 367
365 365
384 379
367 387
345 388
228 548
246 526
267 513
283 516
299 511
323 522
347 544
326 564
304 571
287 573
269 572
248 565
239 547
268 533
284 533
300 532
336 544
301 548
285 550
269 549
