123 386
126 432
132 476
141 521
154 562
178 597
210 627
246 651
289 657
334 653
375 631
411 600
439 562
455 517
463 470
467 422
469 372
143 374
158 347
190 339
224 342
256 353
299 355
332 342
368 336
403 342
428 366
278 384
278 417
278 449
278 483
245 496
262 502
281 508
301 501
319 494
182 387
200 377
221 378
239 393
219 394
199 393
328 391
346 376
367 374
386 383
369 389
348 391
218 542
243 541
265 539
284 543
302 539
329 539
360 541
330 563
304 572
285 574
265 572
243 564
228 545
265 546
285 549
303 546
349 544
303 558
284 560
265 557
