137 383
138 426
142 469
147 510
155 550
175 583
205 607
239 627
281 633
325 631
368 615
405 593
433 561
449 521
458 478
465 434
470 387
158 362
174 336
204 329
235 330
264 339
304 341
337 333
371 333
404 341
427 365
283 377
281 406
278 435
276 465
246 483
261 489
277 494
296 490
313 486
194 382
211 372
231 374
248 388
229 390
209 389
329 390
348 377
368 376
386 387
369 392
349 393
228 539
243 524
260 519
278 524
296 520
318 528
341 544
317 548
296 551
276 551
258 548
242 544
235 537
259 532
278 535
296 534
333 542
296 534
277 535
258 532
