126 405
128 446
134 486
141 526
154 565
175 598
207 623
246 640
289 643
331 638
370 619
403 593
426 560
439 522
446 481
450 440
452 397
152 368
168 341
198 328
229 326
261 334
299 335
332 324
365 322
397 333
416 359
281 373
281 397
281 420
281 446
254 475
268 478
283 480
298 477
312 473
188 387
204 372
226 372
243 389
224 395
203 395
324 386
341 368
363 366
380 380
365 389
344 390
230 543
248 523
268 510
283 514
297 509
318 520
341 540
320 554
300 559
285 560
269 560
250 555
240 542
268 530
284 530
298 529
331 540
299 539
284 540
269 539
