119 404
120 445
124 484
129 524
143 563
169 594
204 618
243 636
287 640
331 634
370 614
404 589
430 556
443 517
448 476
450 435
450 394
142 379
159 353
190 341
223 340
257 348
296 349
329 340
362 338
395 345
416 368
278 379
278 404
279 429
280 455
243 475
262 479
282 485
301 478
320 472
181 392
199 381
218 381
236 393
217 395
198 395
323 390
340 376
360 374
379 384
361 389
342 390
205 524
233 517
261 511
282 514
301 510
330 514
359 525
331 547
303 557
283 559
261 558
233 549
216 528
261 522
282 523
302 521
349 528
302 540
283 542
261 540
