104 416
108 458
116 500
126 541
142 581
166 617
200 647
241 670
285 678
327 669
364 644
396 614
417 576
429 535
436 493
442 450
445 407
138 375
157 351
186 338
219 335
249 343
305 342
335 332
368 334
397 346
417 370
279 375
280 400
281 424
282 449
251 477
266 482
282 486
298 482
312 477
173 388
191 370
215 370
233 390
214 395
191 396
323 388
341 368
365 368
382 385
366 393
342 393
228 556
246 532
269 520
283 523
299 520
322 531
340 554
323 584
302 597
285 599
268 597
246 585
238 555
269 536
284 535
299 535
330 554
300 573
284 576
269 574
