104 411
111 453
120 494
129 533
143 571
168 602
203 624
244 640
290 643
334 637
373 620
407 597
429 565
440 526
446 485
452 444
455 402
138 370
160 348
191 336
224 333
257 340
306 340
338 333
372 334
402 345
424 367
282 375
283 403
284 432
285 461
252 489
269 492
286 495
303 491
319 487
175 389
194 374
217 374
236 391
216 396
193 396
329 389
347 372
370 371
389 385
372 393
349 394
225 562
245 540
269 528
287 532
304 527
328 536
348 557
330 564
308 568
290 570
271 570
247 569
236 561
269 549
288 549
305 547
337 556
306 545
289 547
271 546
