110 417
115 459
123 500
132 540
144 577
167 610
200 636
241 655
287 661
332 655
372 635
404 607
426 572
436 532
443 491
449 449
452 406
141 384
162 363
194 354
227 353
260 361
298 359
331 351
365 350
397 359
420 380
281 380
282 406
283 433
283 461
248 483
265 487
284 491
303 486
320 480
177 391
195 378
217 377
236 392
216 394
196 394
327 390
346 373
367 373
386 386
368 390
347 390
220 552
240 530
266 520
287 523
306 519
331 525
352 547
333 562
309 571
288 573
267 572
241 566
230 550
267 537
287 537
307 535
341 546
307 548
288 550
267 550
