100 416
105 456
112 495
119 536
133 575
160 605
197 628
239 648
286 653
333 646
372 625
405 600
427 567
437 528
442 488
447 448
449 407
138 378
159 356
190 344
223 340
256 346
303 348
334 341
368 344
398 354
420 375
281 378
282 404
283 431
284 459
246 481
264 485
284 490
303 484
321 479
172 389
190 373
213 373
232 392
211 395
189 394
327 390
345 371
368 370
387 385
369 392
347 393
203 540
230 524
261 517
285 521
306 516
337 521
363 537
339 565
309 576
287 578
263 577
231 568
212 542
262 531
285 531
306 529
354 539
308 558
286 560
263 559
