106 411
109 451
116 492
123 532
137 569
164 600
201 624
244 644
290 649
335 641
374 620
406 593
428 560
439 521
443 481
446 442
449 402
138 376
158 353
187 341
219 337
250 346
310 344
340 334
372 337
401 349
421 371
283 376
284 402
285 428
286 455
247 478
266 483
285 488
303 483
320 477
174 389
193 375
215 376
234 391
214 395
193 395
326 389
346 373
367 372
385 385
369 391
347 392
207 531
238 524
267 520
286 522
306 519
334 521
365 526
336 553
308 561
287 563
268 563
239 556
217 535
267 529
286 529
306 527
355 530
307 547
287 549
268 549
