107 406
112 447
120 487
129 527
142 565
167 596
202 619
242 636
286 642
330 637
368 618
402 594
426 562
436 522
443 482
449 440
452 399
137 374
158 352
189 342
222 340
254 348
305 347
337 337
370 338
401 349
422 371
281 378
282 403
282 427
283 453
251 481
267 484
284 487
300 484
315 479
176 388
194 375
217 374
236 390
216 395
194 395
325 389
344 373
367 372
385 385
368 393
345 393
222 544
246 532
268 524
284 527
298 523
320 530
346 540
322 551
301 556
285 557
269 556
248 553
232 544
268 537
284 538
299 536
336 540
300 538
285 540
269 539
