100 417
106 460
114 502
124 545
139 584
167 615
204 637
246 655
293 660
338 654
377 634
411 609
435 577
447 535
452 493
458 449
461 405
136 383
161 363
194 355
230 354
265 361
296 358
331 349
367 347
401 353
428 373
283 381
285 406
286 432
287 458
254 486
271 490
288 493
305 490
321 485
175 392
195 378
218 377
237 394
217 398
194 399
329 390
348 372
371 371
391 384
373 392
350 393
228 552
252 540
273 532
288 536
301 531
323 537
350 548
325 557
305 559
291 560
276 561
254 559
238 551
274 544
289 545
302 543
340 548
303 545
290 546
275 545
