96 358
101 411
110 462
121 511
140 557
167 599
201 634
240 657
282 662
321 653
353 627
378 591
396 547
409 500
418 452
427 403
431 353
138 363
165 354
196 354
227 359
256 366
299 368
325 358
354 351
383 348
406 358
279 388
280 422
282 457
285 492
246 501
265 508
284 513
302 507
318 498
179 380
198 374
219 375
236 389
217 392
196 390
316 387
332 372
352 370
370 376
355 387
335 390
223 550
242 540
264 537
283 542
300 537
321 539
338 545
323 568
303 580
284 583
265 581
242 572
232 551
264 550
283 553
301 549
330 547
302 561
284 564
265 562
