119 385
125 429
134 471
143 511
158 548
183 578
216 601
252 619
292 623
331 617
366 598
398 574
421 542
434 504
441 464
446 421
449 376
156 372
178 357
205 348
236 346
263 353
301 354
329 347
359 347
387 352
410 366
284 384
285 417
287 449
288 481
255 498
271 502
288 506
306 501
322 495
189 388
207 380
227 380
244 392
226 395
206 394
324 390
339 377
358 375
377 383
361 390
342 391
226 545
247 535
269 530
289 534
308 529
330 532
352 539
332 554
310 561
290 563
269 562
247 557
235 545
269 543
289 545
309 542
343 540
309 543
290 546
270 544
