112 391
119 434
126 475
133 516
147 555
172 588
205 614
240 634
281 641
321 635
357 614
390 589
417 555
431 516
437 475
442 432
446 389
146 366
165 346
194 335
225 335
253 344
305 342
333 332
364 331
393 341
412 361
280 380
281 409
282 438
282 467
251 491
266 495
283 498
299 495
315 490
184 388
202 377
223 377
242 392
222 397
201 396
320 390
338 375
359 373
377 384
361 392
339 393
218 546
240 534
264 526
284 531
304 526
325 533
346 547
325 560
304 568
283 570
262 568
239 561
229 546
263 542
284 544
303 542
336 546
303 546
283 548
263 546
