100 386
105 434
114 480
123 524
140 565
166 602
198 633
235 657
273 665
310 656
342 630
370 598
391 562
406 521
415 477
421 434
425 388
143 346
163 323
192 312
223 315
251 327
314 326
339 315
367 313
393 323
406 347
281 374
283 404
284 433
285 463
248 486
265 492
282 496
299 492
313 486
180 380
199 367
222 368
238 387
220 393
197 391
315 388
333 370
356 369
372 383
358 393
335 394
221 557
240 537
263 526
281 530
299 527
318 538
330 560
317 588
297 602
278 604
259 601
236 588
232 557
263 544
280 545
297 544
319 561
297 575
278 577
261 575
