120 374
126 418
135 460
143 501
157 540
180 576
210 603
245 627
286 634
327 628
362 605
392 577
415 541
428 501
436 458
441 413
442 368
151 362
170 344
197 339
225 342
250 354
308 353
332 342
360 338
388 341
410 355
281 384
282 414
283 444
284 476
250 488
267 494
286 499
305 494
321 486
189 385
206 376
226 377
243 391
224 394
204 392
323 388
338 373
358 370
376 379
361 388
341 390
229 546
244 531
266 525
286 530
305 524
327 529
343 543
328 561
307 571
287 573
266 572
245 564
238 546
266 541
286 543
305 540
334 543
305 548
286 551
266 549
