109 355
112 401
116 445
123 490
137 531
164 568
197 600
235 628
279 637
322 628
358 601
388 570
413 535
427 496
434 454
438 409
441 364
146 363
168 346
198 340
230 342
259 355
311 355
338 344
368 342
396 348
416 367
285 384
285 419
286 453
286 488
240 487
261 497
284 506
307 498
327 488
183 381
203 377
222 378
241 389
221 389
201 387
325 389
343 380
362 378
382 383
363 388
344 389
194 508
229 518
259 522
282 527
304 523
332 520
363 513
333 547
305 561
282 563
257 559
226 542
205 514
259 529
282 533
304 530
353 518
304 544
282 546
258 542
