110 397
116 440
123 480
131 519
144 556
168 587
200 611
236 631
277 639
319 633
356 614
388 590
413 558
426 522
433 483
439 442
443 399
148 361
171 342
201 334
232 335
262 345
302 347
331 337
362 335
391 343
411 363
283 378
284 403
284 428
285 454
250 479
266 483
284 487
301 484
317 479
185 383
202 369
224 369
242 387
223 391
201 391
321 388
338 370
360 370
377 384
361 392
339 392
221 542
241 526
265 516
284 521
302 517
324 527
341 546
323 560
301 568
282 569
262 567
240 559
231 542
265 535
284 536
301 536
331 546
301 544
283 544
264 543
