136 394
138 433
144 470
150 508
159 545
176 578
202 605
235 625
274 631
314 626
349 607
377 580
398 547
409 512
416 474
423 437
426 398
159 372
179 353
208 345
238 344
266 353
303 358
329 350
358 351
386 360
404 378
284 376
283 406
282 437
281 468
245 472
261 482
280 490
300 483
317 475
191 384
207 376
225 377
243 386
224 385
207 385
322 389
340 382
358 382
374 391
357 391
340 390
201 513
223 500
252 499
279 505
304 500
332 502
355 516
332 545
303 558
277 560
250 557
221 543
208 515
252 510
279 513
304 511
346 518
303 539
278 543
251 539
