123 402
125 443
130 480
136 517
145 552
164 580
195 601
232 614
275 618
319 618
358 606
390 587
411 559
421 523
427 486
434 449
439 409
150 362
169 338
200 328
233 326
265 335
309 341
338 332
370 333
400 344
416 369
286 374
286 402
285 430
285 459
251 477
267 483
283 489
299 485
315 481
186 385
203 375
223 375
242 387
222 390
202 391
324 390
344 381
364 382
380 393
363 398
343 396
217 528
238 514
260 508
281 515
301 511
322 519
341 534
320 541
298 544
278 544
257 542
236 537
226 528
259 523
280 526
300 526
332 533
299 525
279 527
258 523
