114 393
117 437
123 479
129 521
142 561
166 595
199 622
237 639
282 643
326 638
364 618
394 590
416 556
428 517
435 478
440 440
443 397
140 367
160 342
193 331
227 329
259 338
309 343
339 334
372 335
403 345
421 371
285 374
285 408
285 442
285 476
243 484
262 492
283 501
304 493
322 485
178 386
196 379
215 379
236 386
215 387
196 388
328 388
348 382
367 382
386 390
367 391
348 390
192 520
222 514
253 515
281 521
306 515
336 516
365 522
337 555
306 569
280 571
252 568
220 553
202 524
253 526
280 530
306 527
354 526
306 548
280 551
253 547
