120 382
122 426
129 467
138 508
151 549
169 588
195 621
231 645
274 654
318 649
354 626
382 594
402 555
417 515
428 474
436 431
439 387
146 338
163 312
194 304
225 309
252 324
310 324
339 311
371 308
402 320
418 347
284 373
284 404
284 435
284 467
250 486
265 493
282 500
299 495
315 489
182 381
199 370
221 372
241 386
220 392
197 392
324 390
342 376
364 377
381 389
365 398
343 397
224 550
242 532
264 523
282 530
300 526
320 536
335 559
319 583
298 593
279 594
260 591
239 578
235 551
263 542
281 545
299 545
325 559
299 566
281 567
262 563
