122 381
123 428
129 472
133 517
141 561
160 604
186 641
221 669
263 682
308 677
343 651
368 613
387 570
400 527
411 485
421 441
426 395
155 363
176 342
206 333
238 330
270 335
305 340
333 335
361 337
387 344
404 365
286 374
286 407
286 440
286 475
249 487
265 495
281 503
298 498
312 491
190 385
207 378
224 377
240 385
224 388
207 389
321 389
339 380
357 383
371 391
356 394
339 393
212 544
233 526
257 522
274 528
291 526
312 535
327 555
307 577
286 585
267 585
249 581
229 568
221 544
256 542
273 545
290 545
317 555
287 561
269 562
252 558
