128 373
131 418
138 459
146 499
157 537
175 571
203 597
236 618
274 625
313 621
348 602
378 576
398 542
410 504
421 464
432 423
437 378
151 347
170 324
200 317
231 319
260 330
311 332
339 322
369 318
398 324
415 348
284 375
283 409
283 443
282 477
249 489
264 497
280 503
297 499
313 492
186 382
203 372
224 374
242 388
222 392
201 392
322 390
340 376
361 376
379 386
363 396
341 395
226 544
244 531
263 524
279 530
296 525
314 533
331 548
313 564
294 571
277 572
259 570
241 562
237 545
262 540
279 543
295 542
320 549
295 546
278 548
261 544
