107 392
108 440
114 485
120 530
132 573
153 613
182 648
218 674
263 683
309 679
349 659
382 628
407 589
422 548
433 502
444 456
450 408
137 371
161 345
197 336
235 334
271 342
299 346
334 340
371 343
404 358
421 386
282 378
281 412
280 448
278 483
238 498
255 507
275 516
295 510
313 504
173 386
193 375
215 375
235 389
214 393
191 393
323 395
346 383
369 385
386 398
368 403
345 401
209 559
227 536
251 529
272 537
295 533
320 545
339 569
317 589
292 594
268 594
246 591
223 581
221 558
250 549
271 552
294 553
327 567
293 568
270 569
248 565
