117 396
119 439
123 480
127 521
139 560
162 593
193 620
226 643
265 651
304 647
340 628
374 603
400 571
416 533
426 493
434 451
438 408
146 367
168 346
200 339
232 341
263 350
300 353
331 345
364 345
395 354
415 378
281 381
281 407
281 434
280 461
243 480
260 488
278 494
297 490
314 483
177 382
195 367
218 368
238 388
217 392
193 391
320 391
340 372
364 372
381 389
364 397
340 397
214 545
232 526
256 519
276 524
295 520
315 529
329 551
313 570
292 579
272 581
252 578
230 566
225 545
255 536
275 538
294 537
318 550
293 556
274 558
254 555
