125 400
127 445
132 488
140 532
154 574
176 612
206 643
240 669
277 678
315 672
351 648
383 618
409 581
427 539
437 495
444 450
448 404
147 354
165 331
196 324
227 331
256 346
315 348
343 334
375 328
406 336
424 361
284 382
284 407
283 432
283 459
251 486
266 491
282 496
298 492
314 487
180 384
198 368
222 369
242 391
220 397
195 396
325 393
344 372
369 372
387 390
370 401
345 400
226 559
244 537
266 526
281 531
297 528
319 540
336 564
318 593
296 606
279 608
261 605
241 590
237 559
265 543
281 544
296 544
324 564
296 580
280 582
264 579
