119 402
121 445
125 486
131 527
144 564
168 595
200 620
233 640
270 648
309 644
346 628
381 606
410 575
428 537
437 496
443 452
447 407
145 373
169 354
202 350
235 352
267 359
296 362
329 356
363 355
396 361
419 381
282 382
282 409
282 436
281 464
245 487
262 493
279 498
298 495
314 490
178 386
197 374
219 375
239 392
218 395
195 395
322 394
342 378
366 378
385 391
366 399
343 398
217 549
238 536
260 531
278 537
295 534
315 541
333 555
312 567
292 572
274 572
256 570
236 563
227 548
259 545
277 548
294 547
323 553
293 550
275 552
258 549
