121 407
124 448
129 487
134 526
145 564
167 595
200 619
235 637
275 644
315 641
353 625
387 603
414 573
428 535
436 496
443 455
448 413
145 372
167 351
199 343
232 345
263 354
305 357
337 348
371 348
403 357
424 379
284 382
284 407
284 432
284 459
250 484
266 489
283 493
299 490
315 486
181 387
199 373
222 373
242 392
221 397
197 396
325 394
344 376
368 376
387 392
369 400
345 400
219 543
241 530
262 523
280 529
298 525
318 533
339 548
316 556
295 560
277 560
259 558
240 552
229 543
261 537
279 540
297 539
329 547
296 539
278 541
260 538
