119 391
122 431
126 470
129 508
141 546
164 577
196 600
232 621
275 628
317 624
354 603
388 579
412 548
425 511
430 472
435 433
438 393
145 374
169 356
201 354
234 359
264 370
303 370
331 361
362 357
393 360
414 378
283 381
283 406
283 431
283 457
247 470
263 478
282 484
300 478
317 470
181 383
200 374
220 375
240 386
219 386
199 386
322 388
341 377
360 378
379 387
360 389
341 388
221 528
239 511
262 506
281 512
301 506
321 512
337 528
320 539
300 546
280 547
260 545
238 538
231 527
261 522
281 524
300 522
327 527
300 525
281 527
261 525
