129 396
129 437
131 476
134 515
146 555
170 588
202 617
235 643
275 651
316 646
353 624
387 598
416 566
431 527
437 485
441 445
444 404
150 371
170 349
202 340
234 342
263 354
313 356
342 345
375 345
405 356
423 380
288 381
288 407
288 433
287 461
250 477
267 484
286 491
305 486
323 480
186 384
204 372
226 373
246 390
224 392
203 391
327 393
347 377
369 376
388 391
370 396
348 396
200 521
231 516
261 515
284 521
307 517
336 520
366 526
335 557
305 571
281 573
257 569
228 554
211 525
260 524
283 528
306 526
355 530
306 553
282 555
259 551
