122 393
122 434
124 474
126 515
135 555
157 588
190 614
228 635
272 641
316 638
357 619
392 595
418 563
430 524
436 485
441 445
444 404
148 359
167 335
198 330
229 336
258 348
311 348
340 337
373 334
403 343
420 368
283 378
283 407
283 436
282 465
242 480
260 487
281 495
301 490
320 483
182 384
200 375
220 377
239 388
219 389
199 388
324 391
343 380
363 380
381 391
363 394
343 393
202 534
230 523
256 521
279 527
301 523
327 527
354 536
326 550
300 554
277 555
254 552
228 546
213 535
255 534
278 537
301 535
343 538
300 537
278 538
255 535
