123 381
127 426
133 471
141 514
154 554
175 588
206 614
242 632
284 638
325 632
362 613
392 586
412 552
424 512
431 470
439 427
444 381
146 358
169 341
201 343
230 353
260 364
304 364
335 353
365 342
398 339
421 359
282 383
282 410
282 437
282 466
251 485
266 490
282 493
298 489
314 485
186 386
202 375
223 375
241 390
222 394
201 394
324 392
341 377
362 376
379 388
363 397
342 396
229 537
250 530
270 526
285 529
299 525
319 528
343 535
321 543
302 546
287 548
272 546
252 543
237 536
270 534
285 535
299 533
335 534
301 533
286 535
271 533
