117 389
121 430
130 471
139 510
154 547
179 579
210 606
247 626
289 632
329 623
362 599
391 570
411 537
421 499
427 460
432 420
436 379
138 368
157 345
188 338
219 341
248 351
299 350
330 340
361 336
393 343
413 365
278 378
280 409
282 440
284 471
249 482
267 488
285 493
302 486
318 479
179 388
197 377
217 377
235 389
217 392
197 392
319 388
336 375
356 375
374 385
358 391
338 391
214 523
241 520
266 517
285 520
304 514
328 515
352 517
330 544
307 559
287 563
267 561
241 549
223 526
266 525
285 526
304 522
343 520
306 541
286 546
267 543
