122 406
129 444
137 481
146 517
158 551
180 580
211 603
246 618
287 623
328 616
366 599
398 576
418 546
427 511
433 474
439 438
444 398
146 365
162 340
191 326
222 321
254 327
294 325
327 319
361 322
391 337
410 361
275 366
276 392
276 418
277 445
253 473
266 476
280 478
294 475
307 471
184 388
199 376
219 374
238 383
220 390
200 393
318 382
334 371
354 372
371 382
355 388
335 387
232 538
250 523
268 512
282 516
295 511
315 520
335 533
317 545
299 550
285 552
270 551
252 547
242 537
269 529
283 529
296 528
326 533
297 530
284 532
269 531
