122 393
127 433
136 472
145 511
157 547
179 579
210 603
247 622
289 627
330 620
366 600
396 575
414 542
423 506
429 468
436 429
439 388
148 368
166 346
195 338
226 340
254 351
300 351
329 341
361 338
391 346
412 368
279 376
281 403
282 430
283 459
256 480
270 484
285 487
299 484
312 480
189 386
204 375
223 374
240 385
223 389
204 390
322 385
337 374
357 375
373 385
357 390
338 389
236 544
252 530
271 522
287 527
302 522
321 529
337 540
323 555
305 563
289 565
272 563
253 556
246 543
271 538
288 539
303 538
328 540
303 541
288 543
272 541
