115 371
120 416
129 460
138 502
154 542
177 577
210 604
245 625
284 631
323 624
357 600
387 571
407 537
417 497
423 457
432 416
437 373
139 353
162 331
195 327
227 337
257 352
299 351
331 338
364 330
398 335
419 359
281 381
281 411
283 441
284 471
254 491
269 495
284 499
298 495
312 490
183 385
200 373
222 374
238 389
220 395
199 394
321 389
338 374
359 373
376 385
361 394
340 395
229 544
251 538
271 531
284 536
298 531
316 536
334 541
317 556
300 563
285 565
271 564
251 558
239 545
271 545
285 546
299 544
325 542
299 544
285 547
271 545
