116 393
122 437
130 479
141 519
156 554
178 588
208 616
245 636
286 642
327 635
364 612
392 583
411 548
423 512
431 472
438 433
443 391
141 354
156 321
188 305
223 306
255 320
302 319
335 305
372 305
405 322
420 354
280 370
280 399
281 428
282 458
255 484
269 489
283 492
297 488
310 483
182 386
198 371
220 371
239 386
221 393
198 394
321 386
340 369
362 370
379 384
363 392
340 392
238 552
255 537
273 526
286 529
300 525
318 535
333 550
319 568
302 577
287 579
272 578
254 571
249 552
273 543
286 543
301 542
323 549
301 551
286 553
272 552
