123 408
128 447
136 483
144 519
157 553
178 583
208 604
243 619
285 624
326 619
362 603
393 580
413 550
423 515
428 478
434 440
437 400
147 367
163 342
193 330
224 329
256 335
297 332
329 326
362 326
392 338
410 363
277 370
278 394
279 418
280 444
255 473
268 476
282 478
295 475
308 471
185 387
200 372
221 370
240 386
221 393
199 394
318 385
334 368
357 368
373 384
358 392
335 391
232 537
251 524
271 513
285 517
297 512
317 521
336 534
319 549
300 555
286 557
272 556
252 550
242 537
271 530
285 531
298 529
327 534
299 534
286 535
272 534
